-0.0776278 4.57168 56.8708
-0.0212452 2.31344 28.2953
-0.0104485 1.14617 14.0779
-0.00518395 0.567614 7.00425
-0.00257158 0.281096 3.48486
-0.00127529 0.139206 1.73384
-0.000632233 0.0689381 0.862645
-0.000313319 0.0341398 0.429196
-0.000155124 0.0169069 0.21354
-7.67857e-05 0.00837268 0.106244
-3.80085e-05 0.00414636 0.0528599
-1.8814e-05 0.00205338 0.0262997
-9.31282e-06 0.00101688 0.013085
-4.60979e-06 0.000503584 0.00651024
-2.28182e-06 0.000249387 0.00323907
0.688402 7.62888 671.798
0.432624 4.80905 282.739
0.302666 3.34657 88.608
0.237215 2.62182 352.256
0.205266 2.26281 304.221
0.189817 2.08497 280.238
0.182146 1.99677 268.315
0.178386 1.95337 262.382
0.175469 1.93147 259.654
0.174327 1.92065 258.221
0.172765 1.91561 257.736
0.173878 1.91287 257.077
0.173379 1.91139 256.975
0.172357 1.91087 257.092
0.17399 1.91062 256.691
0.176615 1.91004 256.092
0.173269 1.91033 256.811
0.173995 1.91038 256.649
0.174041 1.91054 256.64
0.173517 1.91053 256.755
0.17063 1.9107 257.379
0.173007 1.91067 256.86
0.173556 1.91051 256.753
0.170823 1.91041 257.33
0.168519 1.91035 257.814
0.171016 1.9104 257.278
0.172015 1.91022 257.067
0.169973 1.91034 257.502
0.172842 1.91023 256.884
0.176134 1.91021 256.185
0.17258 1.91016 256.945
0.172991 1.9101 256.852
0.174555 1.91022 256.515
0.174702 1.91027 256.491
0.174055 1.9101 256.637
0.173973 1.91021 256.657
0.172927 1.91035 256.881
0.170622 1.91025 257.378
0.170551 1.91026 257.383
0.170954 1.91033 257.291
0.174079 1.91036 256.619
0.172757 1.91047 256.916
0.173742 1.91043 256.694
0.174597 1.91058 256.52
0.170559 1.91066 257.382
0.170426 1.91074 257.413
0.172833 1.91049 256.889
0.173066 1.9106 256.843
0.172932 1.91024 256.873
0.17105 1.91061 257.282
0.172401 1.91038 256.981
0.171807 1.9104 257.109
0.171442 1.9103 257.197
0.171834 1.91045 257.109
0.175407 1.91001 256.337
0.173836 1.91035 256.684
0.171782 1.91032 257.124
0.173083 1.91028 256.828
0.172136 1.9104 257.042
0.172701 1.91039 256.917
0.170835 1.91034 257.315
0.172874 1.91031 256.872
0.170736 1.91028 257.338
0.172308 1.91023 256.992
0.172795 1.91035 256.899
0.174638 1.91019 256.508
0.174972 1.91035 256.441
0.176444 1.91046 256.126
0.174706 1.9104 256.501
0.174604 1.91034 256.519
0.172955 1.91062 256.876
0.171434 1.91074 257.201
0.17084 1.91068 257.325
0.1723 1.91079 257.008
0.172932 1.91071 256.874
0.174498 1.91033 256.534
0.175165 1.90995 256.389
0.175588 1.91018 256.304
0.175023 1.90992 256.421
0.173744 1.90977 256.7
0.172203 1.91014 257.026
0.172155 1.91038 257.04
0.171979 1.91021 257.079
0.17249 1.91059 256.975
0.170809 1.91059 257.33
0.171673 1.91019 257.15
0.171408 1.91033 257.205
0.17235 1.91035 257.007
0.17093 1.91022 257.306
0.174937 1.91038 256.443
0.174948 1.91039 256.435
0.173356 1.91024 256.778
0.173841 1.91018 256.664
0.170651 1.91026 257.35
0.170675 1.91032 257.349
0.169864 1.91041 257.528
0.171619 1.91039 257.147
0.170999 1.91047 257.283
0.174343 1.91041 256.565
0.173544 1.91035 256.742
0.174844 1.91027 256.464
0.173748 1.91022 256.694
0.170946 1.91037 257.295
0.173396 1.90992 256.772
0.171668 1.91023 257.135
0.171195 1.91046 257.244
0.170615 1.91063 257.375
0.173845 1.91033 256.681
0.170803 1.91062 257.339
0.171359 1.91051 257.218
0.171156 1.91039 257.263
0.170869 1.90997 257.313
0.171478 1.91017 257.178
0.174085 1.9102 256.617
0.174209 1.90997 256.59
0.176257 1.90965 256.137
0.177909 1.91012 255.798
0.174446 1.91016 256.551
0.173429 1.91025 256.767
0.173654 1.9105 256.726
0.167553 1.91118 258.034
0.169771 1.91078 257.56
0.171698 1.91076 257.143
0.172425 1.91063 256.985
0.173354 1.91034 256.779
0.177638 1.91022 255.863
0.174772 1.9103 256.469
0.172605 1.91025 256.929
0.173509 1.91039 256.744
0.170127 1.91057 257.47
0.170996 1.91003 257.295
0.171019 1.91044 257.288
0.173011 1.91032 256.864
0.171157 1.91011 257.253
0.174442 1.91015 256.551
0.174249 1.91037 256.579
0.173531 1.9103 256.75
0.172375 1.91022 256.99
0.17081 1.91044 257.33
0.16881 1.91035 257.753
0.170043 1.91066 257.496
0.17096 1.91036 257.289
0.173523 1.91044 256.746
0.173794 1.91037 256.684
0.175048 1.91058 256.424
0.174558 1.91033 256.529
0.175026 1.91038 256.425
0.173164 1.91033 256.819
0.174184 1.91031 256.607
0.173281 1.90999 256.8
0.171758 1.91027 257.124
0.172417 1.91005 256.984
0.17201 1.91021 257.075
0.173477 1.91026 256.755
0.17582 1.91046 256.248
0.175345 1.91025 256.345
0.175016 1.91051 256.422
0.175112 1.91073 256.415
0.173124 1.91069 256.837
0.173479 1.91053 256.759
0.171443 1.91055 257.193
0.171112 1.91068 257.263
0.172579 1.91042 256.939
0.174209 1.91036 256.593
0.172969 1.91043 256.861
0.175142 1.91036 256.402
0.175142 1.91022 256.395
0.173984 1.91038 256.644
0.173148 1.91052 256.829
0.172665 1.91065 256.935
0.172927 1.91056 256.878
0.171714 1.91066 257.146
0.17129 1.91036 257.234
0.171881 1.91026 257.1
0.173195 1.91007 256.816
0.173508 1.91019 256.743
0.174956 1.91012 256.429
0.176014 1.91026 256.205
0.175227 1.9103 256.376
0.173004 1.91049 256.853
0.173176 1.91046 256.819
0.172691 1.91041 256.92
0.172275 1.9105 257.008
0.16998 1.91067 257.498
0.174187 1.91027 256.6
0.169819 1.91051 257.53
0.170437 1.91039 257.396
0.168792 1.9105 257.747
0.174356 1.9101 256.568
0.171147 1.91029 257.25
0.17606 1.90992 256.208
0.171898 1.91038 257.094
0.174999 1.91021 256.442
0.172924 1.91055 256.879
0.173291 1.91079 256.804
0.171412 1.91081 257.205
0.175468 1.91059 256.347
0.174174 1.91045 256.61
0.173679 1.91031 256.71
0.172869 1.91028 256.882
0.174637 1.91038 256.5
0.175885 1.91028 256.232
0.175768 1.91049 256.264
0.175638 1.91047 256.292
0.176545 1.91038 256.095
0.172963 1.91056 256.858
0.171766 1.91047 257.12
0.17065 1.91027 257.355
0.170553 1.91045 257.385
0.169122 1.91102 257.703
0.172048 1.91061 257.076
0.172738 1.91034 256.917
0.171611 1.91069 257.153
0.171984 1.91047 257.068
0.173558 1.91006 256.728
0.174164 1.91025 256.602
0.173365 1.91056 256.779
0.177506 1.91019 255.899
0.175913 1.91022 256.23
0.174008 1.90994 256.64
0.172692 1.91008 256.921
0.172918 1.91004 256.875
0.170128 1.91018 257.466
0.169645 1.91017 257.576
0.167669 1.91037 257.986
0.170368 1.91054 257.416
0.17145 1.91059 257.179
0.169633 1.91052 257.573
0.172815 1.91057 256.896
0.176412 1.91048 256.131
0.174447 1.91025 256.545
0.173447 1.90983 256.767
0.173975 1.91015 256.653
0.171537 1.91017 257.173
0.172753 1.91018 256.915
0.172178 1.91024 257.029
0.171794 1.91069 257.113
0.17071 1.91052 257.34
0.171623 1.91064 257.153
0.166988 1.91082 258.139
0.167325 1.91058 258.076
0.166739 1.91076 258.194
0.172316 1.91072 257.01
0.173439 1.91044 256.762
0.174985 1.91016 256.435
0.175828 1.91034 256.256
0.174056 1.91058 256.636
0.170302 1.9104 257.429
0.168802 1.91041 257.754
0.172682 1.91045 256.919
0.171224 1.91029 257.231
0.174606 1.90995 256.506
0.17581 1.91007 256.252
0.175213 1.91039 256.384
0.173998 1.91023 256.645
0.174917 1.91048 256.449
0.174248 1.91032 256.589
0.174955 1.91035 256.44
0.175398 1.91014 256.342
0.173845 1.91055 256.682
0.172824 1.91035 256.9
0.172894 1.91045 256.885
0.172999 1.91051 256.864
0.174082 1.91038 256.625
0.170048 1.9104 257.483
0.172333 1.91042 256.991
0.17084 1.9104 257.311
0.172476 1.91038 256.965
0.171559 1.91043 257.16
0.175391 1.9102 256.342
0.17405 1.9103 256.633
0.174574 1.91049 256.532
0.172321 1.91063 257.012
0.170215 1.91074 257.463
0.172321 1.91074 257.012
0.173003 1.91064 256.862
0.175075 1.91027 256.405
0.174833 1.91022 256.459
0.17607 1.91036 256.201
0.173409 1.91026 256.766
0.172594 1.91055 256.955
0.170925 1.91083 257.316
0.171824 1.91053 257.115
0.171329 1.91042 257.215
0.173501 1.91047 256.753
0.174046 1.91025 256.622
0.173671 1.91014 256.706
0.172108 1.91042 257.048
0.174088 1.91033 256.627
0.173097 1.91035 256.838
0.171867 1.91034 257.104
0.173754 1.91015 256.696
0.174591 1.91021 256.519
0.171311 1.91032 257.212
0.172328 1.91026 257.002
0.170498 1.91062 257.394
0.170131 1.91073 257.473
0.169387 1.91041 257.627
0.172573 1.91034 256.956
0.172629 1.91045 256.937
0.175921 1.90979 256.236
0.174341 1.91009 256.582
0.174409 1.91032 256.561
0.174811 1.91027 256.477
0.173237 1.91046 256.814
0.173355 1.91074 256.781
0.171404 1.91066 257.192
0.174004 1.91053 256.64
0.17164 1.91088 257.149
0.173222 1.91046 256.81
0.17176 1.91037 257.118
0.173761 1.91026 256.691
0.171891 1.91064 257.104
0.172275 1.91029 257.015
0.171 1.91051 257.284
0.171749 1.91056 257.132
0.172946 1.91073 256.875
0.173202 1.91045 256.811
0.173963 1.91049 256.65
0.175471 1.91041 256.328
0.172115 1.91059 257.046
0.172353 1.9102 256.999
0.172559 1.90994 256.945
0.170512 1.91017 257.387
0.169985 1.91033 257.504
0.174636 1.91018 256.508
0.170155 1.91039 257.455
0.169927 1.91071 257.513
0.171871 1.91061 257.099
0.172868 1.91032 256.885
0.170147 1.91052 257.477
0.174714 1.91015 256.5
0.175071 1.90981 256.411
0.174339 1.90997 256.565
0.171306 1.91016 257.22
0.171826 1.91022 257.101
0.170749 1.91049 257.34
0.172428 1.91049 256.984
0.173319 1.91031 256.792
0.173613 1.91033 256.727
0.17354 1.91013 256.744
0.170114 1.91047 257.476
0.170572 1.91009 257.374
0.170562 1.91001 257.387
0.172044 1.90993 257.062
0.172975 1.91007 256.863
0.177075 1.90994 255.984
0.174771 1.91049 256.484
0.174588 1.91053 256.515
0.172453 1.91057 256.978
0.173632 1.91037 256.722
0.167562 1.91045 258.019
0.170428 1.91028 257.403
0.17239 1.91051 256.983
0.1742 1.91073 256.604
0.173346 1.91064 256.785
0.178446 1.91042 255.697
0.175643 1.91044 256.298
0.172196 1.91038 257.034
0.173165 1.91015 256.815
0.172806 1.91024 256.895
0.171868 1.91027 257.098
0.171491 1.91008 257.178
0.173306 1.90997 256.788
0.173176 1.9101 256.817
0.172817 1.91006 256.895
0.170831 1.90999 257.314
0.172519 1.91044 256.956
0.171167 1.91017 257.254
0.170904 1.91004 257.308
0.166885 1.91054 258.164
0.172044 1.91058 257.067
0.166844 1.91055 258.173
0.170209 1.91065 257.446
0.170242 1.91065 257.445
0.174543 1.91036 256.524
0.172246 1.91035 257.014
0.176286 1.91025 256.158
0.17394 1.91038 256.666
0.173681 1.9104 256.712
0.174416 1.91029 256.558
0.175045 1.91035 256.421
0.17376 1.91053 256.701
0.17546 1.91024 256.334
0.170745 1.91021 257.34
0.173048 1.90984 256.849
0.172599 1.90981 256.944
0.173954 1.90983 256.65
0.173359 1.91018 256.77
0.176567 1.91044 256.096
0.172192 1.91071 257.037
0.172213 1.91077 257.037
0.17095 1.91054 257.303
0.171552 1.91046 257.173
0.170934 1.91032 257.302
0.170842 1.91053 257.317
0.168049 1.91036 257.905
0.169497 1.91049 257.599
0.167873 1.91049 257.953
0.172888 1.9103 256.881
0.174273 1.91005 256.591
0.173884 1.91065 256.677
0.174533 1.91052 256.541
0.174523 1.91058 256.54
0.171876 1.91059 257.104
0.173574 1.91038 256.73
0.175133 1.90998 256.403
0.175804 1.91002 256.259
0.175745 1.90993 256.263
0.175361 1.91034 256.356
0.173312 1.91061 256.795
0.174342 1.91051 256.575
0.172549 1.91051 256.953
0.173294 1.91052 256.8
0.172844 1.91024 256.892
0.17194 1.91037 257.086
0.17242 1.91038 256.979
0.172762 1.91037 256.908
0.174701 1.91027 256.491
0.174417 1.91042 256.554
0.175969 1.91017 256.218
0.17607 1.91009 256.194
0.176859 1.91001 256.021
0.172432 1.91019 256.975
0.171524 1.9101 257.167
0.17125 1.91031 257.233
0.171027 1.91053 257.289
0.170817 1.91061 257.335
0.172019 1.91088 257.08
0.173317 1.91064 256.793
0.173263 1.91065 256.81
0.174064 1.91049 256.631
0.172744 1.91021 256.915
0.174044 1.90993 256.636
0.174101 1.91017 256.632
0.173332 1.91051 256.796
0.17384 1.91071 256.692
0.173167 1.91081 256.832
0.17267 1.91084 256.939
0.173134 1.91071 256.84
0.173955 1.91038 256.656
0.173647 1.91018 256.715
0.174112 1.91032 256.619
0.172435 1.91018 256.97
0.170446 1.91074 257.42
0.171321 1.91045 257.217
0.172247 1.91034 257.024
0.172598 1.91039 256.949
0.173261 1.91061 256.811
0.176339 1.91011 256.126
0.174272 1.91059 256.587
0.173135 1.91045 256.828
0.171862 1.91061 257.103
0.173894 1.91039 256.665
0.171214 1.9103 257.242
0.172824 1.91006 256.896
0.173119 1.91048 256.836
0.173936 1.91028 256.653
0.173196 1.91035 256.81
0.174982 1.91037 256.426
0.173478 1.91055 256.754
0.17361 1.91039 256.722
0.174397 1.9106 256.56
0.174864 1.91051 256.461
0.173882 1.91036 256.671
0.176343 1.91014 256.138
0.175112 1.91024 256.404
0.172392 1.91016 256.986
0.169813 1.91019 257.536
0.171769 1.91026 257.116
0.17024 1.91035 257.447
0.171832 1.91034 257.108
0.17465 1.91028 256.502
0.17422 1.9105 256.599
0.170913 1.91089 257.308
0.173177 1.91058 256.818
0.172404 1.91061 256.982
0.173568 1.91056 256.735
0.175559 1.91035 256.307
0.176677 1.91008 256.07
0.174904 1.91051 256.464
0.173746 1.91054 256.709
0.172507 1.91044 256.972
0.173728 1.91063 256.712
0.1721 1.9105 257.055
0.172719 1.91041 256.912
0.170937 1.91067 257.296
0.171111 1.91048 257.259
0.169902 1.91045 257.518
0.172079 1.91056 257.068
0.168999 1.91065 257.721
0.172615 1.91017 256.943
0.171828 1.91045 257.11
0.169878 1.9103 257.526
0.170301 1.91048 257.424
0.172712 1.91015 256.907
0.167785 1.91016 257.962
0.168893 1.91021 257.731
0.172791 1.91006 256.903
0.169257 1.91024 257.653
0.171339 1.91033 257.213
0.174846 1.91034 256.46
0.173948 1.91032 256.655
0.170876 1.9104 257.301
0.173787 1.9103 256.685
0.171577 1.91032 257.158
0.170455 1.91048 257.402
0.171436 1.91045 257.189
0.169993 1.91081 257.505
0.170229 1.91058 257.456
0.17077 1.91048 257.342
0.172395 1.91037 256.995
0.170959 1.91047 257.301
0.174683 1.91028 256.501
0.173525 1.91018 256.75
0.173998 1.91037 256.639
0.173009 1.9104 256.85
0.174213 1.91039 256.599
0.17593 1.91054 256.238
0.175185 1.9105 256.392
0.174433 1.91034 256.558
0.175822 1.91034 256.261
0.175292 1.91031 256.367
0.171746 1.91027 257.12
0.174149 1.91036 256.603
0.174198 1.91047 256.593
0.175027 1.91031 256.415
0.17422 1.91033 256.589
0.175362 1.90998 256.343
0.174032 1.9101 256.635
0.173727 1.91017 256.704
0.17106 1.91044 257.281
0.172782 1.91012 256.907
0.171213 1.91028 257.239
0.172566 1.91029 256.95
0.172888 1.91048 256.881
0.173346 1.91055 256.789
0.172494 1.91058 256.97
0.174524 1.91069 256.541
0.174144 1.91072 256.621
0.173434 1.9104 256.77
0.173405 1.91033 256.769
0.175092 1.91054 256.407
0.175675 1.91042 256.281
0.174498 1.91063 256.537
0.173229 1.91064 256.814
0.174079 1.91057 256.65
0.171671 1.91035 257.209
0.165665 1.91222 258.642
0.163155 1.91146 259.436
0.162546 1.91275 260.25
0.161329 1.91201 261.329
0.160672 1.9116 262.487
0.165662 1.91017 262.559
0.166576 1.91111 263.61
0.169135 1.90978 264.435
0.173111 1.91064 264.98
0.169827 1.91334 267.076
0.169461 1.91232 268.512
0.170145 1.91121 270.174
0.167843 1.91117 272.05
0.162086 1.9117 274.667
0.167784 1.90971 274.791
0.16848 1.91023 276.403
0.169371 1.91109 277.334
0.167249 1.90991 278.858
0.167275 1.90973 279.896
0.167272 1.9104 280.921
0.160829 1.90908 283.194
0.162192 1.90851 283.703
0.16369 1.90881 284.071
0.166289 1.90876 283.943
0.162742 1.90915 284.76
0.1639 1.90912 283.758
0.16307 1.90989 282.972
0.169864 1.91151 280.484
0.16331 1.90972 280.904
0.161707 1.90848 280.505
0.165621 1.90961 279.192
0.164631 1.90839 279.223
0.15887 1.90773 280.425
0.163375 1.90912 279.513
0.164628 1.90911 279.341
0.159585 1.9082 280.615
0.157446 1.90818 281.227
0.159135 1.90839 280.971
0.15917 1.90799 281.029
0.167168 1.90883 279.07
0.174744 1.91101 276.963
0.176691 1.91208 275.839
0.173583 1.91185 275.501
0.173197 1.91126 274.328
0.165712 1.91068 274.719
0.165677 1.90978 273.432
0.164719 1.90775 272.366
0.165636 1.90739 271.017
0.165089 1.90762 270.082
0.167271 1.90698 268.607
0.167013 1.90616 267.816
0.169777 1.90769 266.463
0.167625 1.90698 266.128
0.171625 1.90718 264.902
0.16938 1.90782 265.447
0.170316 1.90819 265.669
0.167934 1.90845 266.882
0.17179 1.90933 267.073
0.167537 1.90829 268.764
0.170603 1.90766 268.673
0.166 1.90778 270.078
0.166798 1.90745 270.153
0.165929 1.90678 270.467
0.170039 1.90853 269.742
0.170444 1.90826 269.697
0.166359 1.90812 270.472
0.162459 1.90782 271.222
0.160174 1.90847 271.641
0.15707 1.90784 272.197
0.154558 1.9084 272.673
0.161628 1.90841 271.165
0.167945 1.9086 269.819
0.173156 1.90853 268.696
0.174042 1.90848 268.514
0.177243 1.90844 267.818
0.170752 1.90801 269.181
0.172778 1.90826 268.738
0.171322 1.90851 269.056
0.169511 1.90832 269.525
0.168952 1.91016 269.851
0.17609 1.9124 268.613
0.170441 1.91537 270.182
0.172803 1.92251 270.181
0.176985 1.93016 269.667
0.172256 1.93732 271.002
0.168465 1.94595 272.072
0.169631 1.95528 272.065
0.165115 1.96569 273.268
0.17474 1.97724 271.388
0.174405 1.98913 271.616
0.174951 2.00112 271.62
0.175857 2.01358 271.479
0.189 2.02782 268.549
0.173205 2.04085 271.813
0.17041 2.05476 272.232
0.166388 2.07054 272.893
0.164182 2.08504 273.164
0.168967 2.09854 271.908
0.167717 2.11278 272.024
0.167476 2.12456 271.953
0.171492 2.13677 271.025
0.17344 2.15301 270.58
0.15627 2.16392 274.224
0.162164 2.17583 272.91
0.162716 2.1887 272.71
0.163179 2.19807 272.462
0.158997 2.2096 273.133
0.158712 2.21927 273.001
0.155254 2.2286 273.581
0.161516 2.23736 272.092
0.157404 2.25079 272.868
0.159075 2.26028 272.431
0.157051 2.27094 272.83
0.180037 2.2812 267.918
0.168709 2.29247 270.355
0.166953 2.29842 270.726
0.156911 2.30186 272.884
0.160154 2.3103 272.193
0.137057 2.32243 277.177
0.143957 2.32991 275.753
0.155045 2.33738 273.511
0.165856 2.34437 271.369
0.153568 2.34702 274.237
0.159165 2.34512 273.291
0.157284 2.34391 273.973
0.1492 2.3444 276.029
0.14799 2.34205 276.595
0.157686 2.33931 274.795
0.155792 2.3358 275.266
0.156016 2.33243 275.225
0.161391 2.32937 273.936
0.162789 2.32781 273.436
0.159511 2.32372 273.923
0.159502 2.32097 273.78
0.160553 2.31903 273.464
0.158653 2.31703 273.828
0.157766 2.31482 274.019
0.160475 2.31371 273.419
0.15914 2.31313 273.732
0.162819 2.3139 272.974
0.158329 2.31144 273.932
0.160248 2.31175 273.547
0.160775 2.31116 273.405
0.162022 2.31168 273.154
0.159255 2.31041 273.713
0.165329 2.3122 272.437
0.166195 2.31222 272.24
0.167896 2.31415 271.914
0.165484 2.31376 272.421
0.165563 2.3145 272.433
0.164793 2.31413 272.583
0.163895 2.31375 272.762
0.161389 2.31347 273.286
0.162926 2.31334 272.959
0.165297 2.31347 272.426
0.161533 2.31298 273.224
0.159687 2.31383 273.653
0.162413 2.31425 273.081
0.162457 2.31467 273.063
0.158606 2.31502 273.898
0.162884 2.31563 272.999
0.162586 2.31525 273.045
0.164276 2.31523 272.679
0.159427 2.3138 273.694
0.160407 2.31319 273.472
0.161046 2.31364 273.346
0.161483 2.31409 273.246
0.156702 2.31359 274.265
0.164193 2.31497 272.689
0.16195 2.31518 273.168
0.159063 2.31511 273.786
0.161885 2.31501 273.194
0.158374 2.3147 273.935
0.15724 2.31451 274.172
0.159047 2.31385 273.784
0.155296 2.31409 274.589
0.154525 2.31447 274.757
0.161557 2.31508 273.27
0.157464 2.31457 274.136
0.159524 2.31497 273.697
0.166747 2.31481 272.148
0.162507 2.314 273.033
0.163022 2.31391 272.926
0.157909 2.31399 274.024
0.160886 2.31419 273.401
0.154522 2.31327 274.743
0.162529 2.31377 273.042
0.154338 2.31396 274.796
0.160852 2.31427 273.407
0.15813 2.31518 273.998
0.164096 2.31557 272.734
0.158992 2.31531 273.822
0.163486 2.31593 272.864
0.165528 2.31536 272.408
0.166979 2.31473 272.09
0.160964 2.315 273.376
0.162566 2.31451 273.036
0.162929 2.31382 272.939
0.163484 2.31431 272.843
0.162795 2.31407 272.982
0.163159 2.31312 272.874
0.162343 2.31333 273.053
0.164925 2.31386 272.528
0.157423 2.31446 274.131
0.158332 2.31441 273.942
0.162589 2.3152 273.056
0.15934 2.3155 273.747
0.15942 2.31679 273.751
0.161437 2.31596 273.35
0.158425 2.31413 274.116
0.156115 2.31226 274.785
0.161111 2.30792 273.895
0.1576 2.30038 274.887
0.159946 2.29239 274.651
0.158944 2.28159 275.193
0.154996 2.27056 276.382
0.153281 2.26102 277.1
0.161325 2.24908 275.641
0.162541 2.2369 275.714
0.164092 2.22453 275.699
0.177256 2.21135 273.149
0.174589 2.19347 273.986
0.171957 2.1794 274.844
0.169721 2.1611 275.596
0.171854 2.14229 275.374
0.166347 2.12405 276.711
0.165757 2.10687 276.986
0.165214 2.09181 277.274
0.172105 2.07942 275.871
0.173802 2.06519 275.601
0.170445 2.04935 276.487
0.176951 2.03597 275.313
0.175814 2.01888 275.697
0.175898 2.00427 275.896
0.181442 1.99352 274.799
0.18389 1.97903 274.505
0.186246 1.96382 274.143
0.188107 1.94988 273.959
0.185212 1.93624 274.852
0.182972 1.92419 275.638
0.187503 1.91217 274.962
0.188994 1.90184 274.938
0.192846 1.89266 274.375
0.195028 1.88369 274.091
0.196154 1.87576 274.024
0.195555 1.86816 274.267
0.192854 1.86142 274.931
0.193224 1.85512 274.932
0.194095 1.84988 274.782
0.192789 1.84344 275.054
0.195717 1.84059 274.382
0.196446 1.83507 274.25
0.193645 1.83164 274.923
0.198171 1.82886 274.061
0.198989 1.82912 274.085
0.199585 1.83097 274.106
0.201215 1.8348 274.009
0.203552 1.83766 273.72
0.197382 1.83921 275.213
0.196846 1.84139 275.398
0.193668 1.84419 276.118
0.190706 1.84697 276.609
0.187907 1.84857 277.041
0.189212 1.8527 276.603
0.188846 1.85452 276.579
0.190515 1.85586 276.13
0.193085 1.85797 275.551
0.197002 1.85971 274.701
0.197569 1.859 274.598
0.19626 1.85934 274.934
0.194065 1.86111 275.598
0.197506 1.8616 275.115
0.195615 1.86144 276.078
0.196232 1.86331 276.627
0.19605 1.86355 277.457
0.194491 1.86218 278.589
0.193133 1.86298 279.741
0.190674 1.86322 281.183
0.192846 1.86405 281.582
0.194408 1.8631 281.996
0.195728 1.86249 282.459
0.192179 1.86096 283.985
0.198374 1.86124 283.435
0.197531 1.86022 284.708
0.194404 1.86014 286.45
0.19697 1.86072 286.867
0.198425 1.86164 287.555
0.190578 1.86036 289.987
0.190491 1.86062 290.742
0.195892 1.86235 290.316
0.19421 1.86397 291.498
0.154782 1.86011 302.916
0.170791 1.86301 300.214
0.180143 1.86324 298.612
0.182549 1.86391 298.738
0.184024 1.86249 299.061
0.221563 1.8665 289.774
0.209597 1.8645 293.025
0.196961 1.86268 296.231
0.192369 1.86194 297.159
0.193452 1.86316 296.398
0.195431 1.86351 294.665
0.194265 1.86417 293.605
0.194229 1.86471 292.169
0.194874 1.86338 290.497
0.190188 1.86283 290.146
0.190733 1.8619 287.418
0.192624 1.8603 284.622
0.19577 1.85965 281.798
0.196728 1.86078 279.72
0.197644 1.85952 277.208
0.196924 1.85985 276.599
0.195188 1.86049 276.051
0.19573 1.86014 274.864
0.1932 1.85919 274.281
0.191163 1.85855 273.667
0.193744 1.85857 271.692
0.195042 1.85858 270.175
0.191766 1.85881 269.755
0.198652 1.85912 267.211
0.201652 1.85914 265.916
0.202697 1.85888 264.984
0.20379 1.85926 263.957
0.207558 1.85868 262.259
0.203658 1.85717 262.15
0.204846 1.8576 260.931
0.19991 1.85748 260.974
0.201189 1.85758 259.674
0.200008 1.85804 258.885
0.196989 1.85896 258.471
0.200161 1.8582 256.677
0.199494 1.85747 255.651
0.200348 1.85545 254.258
0.200858 1.85575 252.997
0.203793 1.85539 251.235
0.199366 1.85545 251.06
0.202056 1.85503 249.729
0.200916 1.85535 248.676
0.203765 1.85393 246.776
0.202735 1.85387 245.754
0.203829 1.85419 244.274
0.204667 1.8551 242.829
0.20417 1.8545 241.569
0.198774 1.85679 241.458
0.201784 1.85543 239.43
0.203144 1.85554 237.84
0.203595 1.85401 236.041
0.200264 1.85614 235.878
0.204383 1.85553 234.021
0.200499 1.85889 234.352
0.200788 1.85868 233.994
0.199887 1.85947 234.918
0.200624 1.85862 235.714
0.200523 1.85829 236.874
0.201583 1.85709 237.722
0.199781 1.85726 239.22
0.199839 1.85657 240.286
0.201758 1.85573 240.883
0.201578 1.85426 242.092
0.202273 1.85361 243.266
0.202839 1.85414 244.682
0.202878 1.85414 246.655
0.204149 1.85311 248.334
0.201567 1.85604 251.025
0.205736 1.85485 252.211
0.204708 1.85399 254.662
0.204682 1.8547 257.221
0.201794 1.85659 260.384
0.204412 1.85554 262.278
0.200727 1.85688 265.595
0.201515 1.85763 267.913
0.199787 1.85887 270.818
0.203171 1.85845 272.485
0.201317 1.85851 275.248
0.202786 1.85854 277.247
0.208967 1.8585 278.123
0.20197 1.85833 281.068
0.200011 1.85767 283.84
0.202436 1.85735 285.431
0.199049 1.85866 288.199
0.189901 1.85922 292.107
0.1996 1.8581 291.712
0.199704 1.86016 293.338
0.197688 1.86113 295.363
0.192541 1.85928 299.311
0.195816 1.85936 300.75
0.195756 1.86096 303.321
0.196538 1.86146 304.674
0.194798 1.86014 306.645
0.202164 1.86251 305.164
0.202365 1.86448 305.958
0.200381 1.86435 306.224
0.199645 1.8646 305.841
0.198061 1.86492 305.333
0.198471 1.86525 303.792
0.194634 1.8619 302.733
0.194057 1.86141 300.988
0.194382 1.86026 299.096
0.196874 1.86059 296.23
0.194343 1.859 294.747
0.197482 1.85973 291.733
0.197046 1.85989 289.566
0.194479 1.85864 287.788
0.19325 1.85744 283.921
0.194862 1.85659 279.928
0.193518 1.85637 277.029
0.193572 1.85551 273.142
0.192513 1.85548 269.93
0.193407 1.85551 268.556
0.196579 1.85652 266.256
0.196247 1.85607 264.391
0.20059 1.85583 262.128
0.204858 1.85662 258.818
0.206881 1.85605 256.11
0.203218 1.85478 254.678
0.206427 1.85459 251.762
0.20056 1.85302 250.059
0.199181 1.85128 248.407
0.200104 1.85105 246.24
0.200469 1.8511 244.122
0.199992 1.84992 242.165
0.203494 1.8502 239.419
0.205462 1.85001 237.03
0.206047 1.85063 234.934
0.208598 1.84925 232.413
0.209531 1.85005 230.351
0.230458 1.84349 223.102
0.222799 1.84652 223.433
0.218398 1.84848 222.979
0.215991 1.84896 222.035
0.214602 1.84883 220.957
0.1916 1.8548 226.61
0.193436 1.84982 226.928
0.198115 1.84458 224.682
0.1998 1.8425 223.932
0.201365 1.83894 223.678
0.20523 1.83594 223.26
0.212567 1.83474 220.898
0.212463 1.83493 222.888
0.213061 1.83426 79.8663
0.213675 1.83574 135.802
0.213223 1.83815 165.143
0.211524 1.84046 181.344
0.21125 1.84204 190.192
0.209682 1.84374 341.026
0.214818 1.84347 288.023
0.218713 1.84399 261.732
0.221112 1.84389 249.372
0.225083 1.84307 243.44
0.242848 1.83847 237.008
0.22976 1.84242 242.789
0.224678 1.8423 246.771
0.221542 1.84223 250.296
0.220421 1.84124 253.476
0.202318 1.84646 261.986
0.21049 1.84358 262.425
0.209839 1.844 265.078
0.211869 1.84436 267.145
0.207752 1.84579 270.56
0.212609 1.84639 271.901
0.213234 1.84621 274.123
0.216229 1.84519 275.744
0.216239 1.84602 278.089
0.223362 1.84655 278.839
0.218106 1.84638 282.124
0.215285 1.84727 284.916
0.213663 1.84761 287.403
0.213651 1.84693 289.415
0.207626 1.84702 293.488
0.209901 1.8469 294.574
0.212458 1.84703 295.673
0.210429 1.84831 299.183
0.209179 1.84863 302.425
0.210917 1.84968 303.561
0.210982 1.84969 304.991
0.211222 1.85117 306.217
0.213115 1.85175 305.643
0.213984 1.85248 305.156
0.212499 1.8519 305.229
0.209262 1.85232 305.598
0.206711 1.85128 305.424
0.207833 1.85122 303.998
0.208395 1.85076 302.474
0.206793 1.85072 301.733
0.209273 1.85123 300.025
0.209083 1.85 298.716
0.208543 1.84876 297.499
0.2067 1.84851 296.463
0.207946 1.84843 294.421
0.209046 1.84777 291.791
0.208852 1.84767 289.792
0.206136 1.84801 288.388
0.20329 1.84852 286.994
0.208917 1.84846 282.837
0.210141 1.84791 280.383
0.210038 1.84755 278.209
0.213697 1.84636 275.066
0.220687 1.84531 270.443
0.213583 1.84443 269.277
0.210612 1.84376 267.332
0.214601 1.84389 263.919
0.215124 1.84515 261.415
0.212718 1.84476 260.217
0.215009 1.84447 257.765
0.217411 1.84388 255.179
0.218272 1.84408 252.915
0.218054 1.84267 250.831
0.218478 1.84135 247.858
0.218696 1.84092 246.015
0.21772 1.84066 244.373
0.211225 1.84084 243.962
0.212772 1.84051 241.255
0.214605 1.8408 239.739
0.214692 1.84048 238.753
0.213285 1.84165 238.418
0.221827 1.83993 235.939
0.221177 1.8397 236.781
0.216798 1.84119 238.747
0.216289 1.84191 239.949
0.216371 1.8413 241.118
0.21387 1.84206 243.053
0.215041 1.84082 243.711
0.215512 1.8401 244.199
0.215365 1.83977 244.589
0.217719 1.83881 244.173
0.213789 1.8392 245.212
0.210164 1.84148 246.332
0.211736 1.84232 246.333
0.215028 1.84584 246.265
0.216452 1.85011 246.746
0.222202 1.85547 246.341
0.225746 1.86266 246.502
0.23181 1.87215 246.454
0.236476 1.87865 246.525
0.239681 1.88906 247.053
0.243557 1.89858 247.446
0.254254 1.90969 246.731
0.257734 1.92061 247.314
0.262629 1.93779 248.179
0.270936 1.95647 248.653
0.28052 1.97461 248.672
0.281055 1.99171 250.28
0.289264 2.00782 250.265
0.294194 2.02237 250.65
0.304111 2.03826 250.17
0.311339 2.05396 250.397
0.320468 2.07125 250.269
0.32763 2.09005 250.608
0.336479 2.11541 251.067
0.341851 2.13448 251.423
0.347979 2.15368 251.498
0.357681 2.17315 250.7
0.366106 2.19273 250.069
0.371988 2.21128 249.711
0.375485 2.22788 249.803
0.38357 2.24386 248.89
0.383491 2.25791 249.708
0.385001 2.26898 250.06
0.391854 2.27312 248.853
0.395926 2.28364 248.749
0.393088 2.2956 250.136
0.400221 2.30204 249.156
0.404761 2.31108 248.82
0.406056 2.32111 249.283
0.410801 2.32483 248.508
0.418599 2.32572 247.036
0.421049 2.33097 246.836
0.423363 2.33385 246.585
0.424965 2.33471 246.329
0.427969 2.33605 245.8
0.425246 2.33756 246.459
0.423849 2.33584 246.753
0.422462 2.33707 247.13
0.424028 2.33162 246.52
0.419074 2.32794 247.373
0.419728 2.32453 247.042
0.417134 2.32137 247.371
0.423597 2.31095 245.382
0.421739 2.30577 245.404
0.422565 2.29839 244.722
0.424741 2.28625 243.463
0.423912 2.27826 242.947
0.409898 2.27461 245.49
0.409566 2.26238 244.695
0.404531 2.24779 244.687
0.396396 2.24071 245.659
0.397454 2.22548 244.332
0.401042 2.20843 242.299
0.39787 2.19593 241.862
0.395845 2.18382 241.254
0.392854 2.16709 240.649
0.387314 2.1548 240.634
0.377488 2.14003 241.439
0.368723 2.1255 241.938
0.364187 2.11076 241.459
0.357136 2.08914 240.901
0.348209 2.0672 240.87
0.346521 2.04366 239.173
0.33978 2.02205 238.69
0.332245 2.00128 238.421
0.326826 1.98488 238.126
0.319064 1.96784 238.21
0.308479 1.9525 238.934
0.29813 1.93568 239.484
0.286792 1.91675 240.175
0.274856 1.89827 241.037
0.2687 1.87901 240.487
0.254214 1.85171 241.052
0.24391 1.82458 240.805
0.233172 1.80065 240.732
0.222457 1.77795 240.705
0.208445 1.75445 241.422
0.203988 1.74085 240.778
0.194085 1.72779 241.327
0.18767 1.71205 241.025
0.180248 1.69869 241.062
0.173938 1.68697 240.994
0.166507 1.67513 241.286
0.161758 1.66273 241
0.155566 1.65163 241.181
0.147387 1.6359 241.345
0.141861 1.62193 241.193
0.135464 1.60929 241.423
0.131664 1.59753 241.189
0.127973 1.58756 241.059
0.128041 1.58238 240.638
0.125301 1.57689 240.746
0.123345 1.57097 240.629
0.120337 1.56557 240.76
0.119388 1.55942 240.408
0.115042 1.55506 240.96
0.112678 1.54922 241.108
0.112384 1.54068 240.624
0.110395 1.53502 240.774
0.106373 1.52975 241.501
0.10599 1.52548 241.653
0.105262 1.52195 242.137
0.104135 1.52279 243.213
0.104053 1.52169 244.217
0.102045 1.52265 245.968
0.100814 1.52013 248.022
0.0992112 1.51972 250.237
0.0980983 1.51812 252.451
0.0963296 1.51749 254.869
0.0978277 1.51632 256.591
0.098464 1.51733 258.689
0.0976624 1.51797 260.989
0.0972564 1.51921 263.058
0.0973625 1.52117 264.898
0.0961399 1.52238 267.48
0.0938181 1.52446 269.398
0.0948455 1.52595 270.455
0.0941865 1.52727 271.776
0.0937385 1.52745 272.798
0.0943919 1.53003 273.053
0.0963213 1.53181 272.68
0.0958359 1.53316 272.459
0.0944446 1.53482 272.047
0.0948787 1.53597 270.993
0.0961223 1.53524 269.384
0.0928113 1.53499 269.069
0.0950624 1.53426 267.826
0.0980804 1.53412 266.664
0.0943929 1.53471 267.209
0.0924275 1.53498 267.437
0.0938298 1.53488 266.918
0.0931703 1.53382 266.595
0.0932048 1.53248 266.054
0.097123 1.53156 264.538
0.0981666 1.53075 263.495
0.1008 1.52963 261.986
0.0995275 1.53089 261.168
0.0977636 1.53164 260.465
0.0981056 1.53063 259.262
0.0986689 1.53035 258.049
0.0976226 1.53033 257.183
0.0975853 1.53017 256.032
0.0979365 1.52991 254.826
0.0961382 1.53085 254.118
0.0963091 1.53028 252.966
0.0962004 1.53057 251.512
0.0986691 1.52959 249.939
0.0999141 1.52898 248.57
0.102263 1.52833 246.914
0.101139 1.52908 246.024
0.101096 1.52924 244.891
0.0986486 1.52981 244.314
0.0992385 1.53022 243.097
0.0993139 1.53022 242.038
0.101767 1.52991 240.442
0.1027 1.52957 239.196
0.10453 1.52828 237.717
0.11649 1.525 233.582
0.112606 1.52608 233.459
0.109421 1.52631 232.709
0.109888 1.52535 231.605
0.1097 1.52607 230.563
0.0983995 1.52852 232.305
0.102982 1.52727 229.998
0.100416 1.52591 229.427
0.0975432 1.52539 229.183
0.0964444 1.52545 227.856
0.0945495 1.5253 226.947
0.0938508 1.52461 225.473
0.0971426 1.52557 223.404
0.100606 1.52598 220.545
0.101391 1.52522 218.928
0.101241 1.52552 73.0961
0.100632 1.52505 126.431
0.101038 1.52432 151.568
0.0999732 1.52393 163.911
0.0998702 1.52424 169.033
0.0991683 1.52333 315.331
0.0989493 1.52386 260.818
0.0991915 1.52367 232.568
0.0983436 1.52404 217.933
0.0976151 1.52384 209.88
0.0988463 1.52527 204.397
0.0981555 1.52404 200.574
0.0986257 1.52397 197.989
0.0981588 1.52318 196.056
0.0970513 1.52325 194.527
0.0979486 1.52229 192.339
0.0991462 1.52403 190.147
0.0982314 1.52426 188.764
0.0989067 1.52445 186.725
0.10078 1.52474 184.377
0.100014 1.52456 182.252
0.0977509 1.5239 181.4
0.0978388 1.52376 179.598
0.0985829 1.52373 177.536
0.0982267 1.52332 175.759
0.0974054 1.52302 174.68
0.100562 1.52406 171.419
0.101693 1.52409 168.937
0.10138 1.52499 167.002
0.10195 1.52448 164.724
0.10264 1.52501 160.32
0.101415 1.52335 157.259
0.10186 1.52333 154.078
0.103338 1.5216 150.75
0.10261 1.52165 148.27
0.103916 1.52063 146.601
0.104752 1.52053 145.325
0.104919 1.51995 143.72
0.104425 1.52033 142.086
0.105884 1.51924 139.655
0.104111 1.51957 138.294
0.103564 1.51981 136.513
0.103523 1.51983 134.508
0.104874 1.53263 130.649
0.101013 1.53976 129.284
0.100553 1.54341 126.855
0.0992588 1.54565 124.735
0.0981231 1.54903 122.785
0.0962014 1.53841 122.43
0.0968537 1.53411 120.52
0.094641 1.53121 120.058
0.0948746 1.53065 117.8
0.0939849 1.52821 115.855
0.0922538 1.52712 114.269
0.093003 1.52709 111.936
0.0943154 1.52718 109.426
0.0939749 1.52665 107.412
0.0656721 1.52268 112.675
0.0766957 1.52486 107.724
0.0829073 1.52559 104.046
0.0860283 1.52677 100.455
0.0864389 1.52676 98.539
0.114931 1.53162 89.3101
0.103215 1.53005 90.296
0.0980481 1.52865 89.6704
0.0948967 1.52879 88.4172
0.0953435 1.52881 86.3256
0.0969296 1.52949 83.9544
0.102999 1.5296 80.6169
0.0998632 1.53023 79.246
0.100241 1.52972 77.8791
0.0990366 1.53036 75.8541
0.0963213 1.5304 74.3005
0.0925068 1.53094 73.0643
0.0953396 1.53122 69.7392
0.096885 1.53135 66.9915
0.0990466 1.5316 64.2974
0.101696 1.53104 61.5781
0.101518 1.53078 59.5465
0.102212 1.53001 58.0373
0.102515 1.53 55.7001
0.102951 1.52976 54.1476
0.101775 1.53088 52.1247
0.103643 1.53081 49.5189
0.105177 1.53102 47.076
0.106859 1.53084 45.2576
0.108221 1.53021 42.5666
0.108313 1.52946 41.0339
0.107738 1.53006 39.4518
0.106724 1.53016 37.7949
0.108258 1.52793 34.6333
0.10663 1.52921 33.3669
0.108366 1.52829 30.9813
0.109287 1.52735 28.7302
0.108613 1.52877 27.0458
0.106362 1.53071 25.7947
0.107211 1.53028 23.4932
0.0995426 1.51952 20.5857
0.0940426 1.51307 18.2861
0.0905071 1.50631 15.235
0.0857806 1.50178 13.8825
0.0838169 1.49803 11.7385
0.0871064 1.50557 11.2842
0.0898396 1.5089 9.70634
0.0929342 1.51193 7.45145
0.094525 1.51399 5.30477
0.0939792 1.51433 3.75435
0.0960515 1.51456 1.26657
0.097326 1.5156 359.04
0.0970491 1.51535 354.537
0.0982611 1.51479 279.655
0.0979163 1.51444 96.0879
0.0990925 1.51554 218.327
0.0992919 1.51608 314.206
0.100014 1.51575 400.032
0.101698 1.51623 186.724
0.103505 1.51719 79.2398
0.101707 1.51758 25.5202
0.102291 1.51726 357.172
0.103107 1.51766 341.801
0.100659 1.51911 335.192
0.10216 1.51934 330.671
0.104736 1.51886 326.897
0.103043 1.51937 325.122
0.102564 1.51955 323.169
0.103906 1.52013 321.459
0.103042 1.51938 319.664
0.103037 1.52012 317.739
0.104413 1.51959 315.434
0.104442 1.5204 313.689
0.1048 1.51991 311.879
0.105124 1.52118 310.054
0.105901 1.52145 308.049
0.10574 1.5218 306.484
0.106643 1.5213 304.42
0.107511 1.52022 301.838
0.107615 1.5203 300.399
0.105838 1.52133 299.807
0.107138 1.52043 297.683
0.107512 1.52004 295.913
0.108441 1.51932 293.851
0.106205 1.53375 291.413
0.1057 1.5409 288.661
0.104623 1.54745 286.683
0.101876 1.5511 284.685
0.100731 1.55593 281.913
0.102351 1.54369 280.043
0.102216 1.53779 278.302
0.101878 1.53439 275.886
0.102111 1.53402 274.075
0.10199 1.53304 273.509
0.101589 1.53262 272.413
0.10055 1.53234 271.14
0.101924 1.53225 269.793
0.104747 1.53166 267.167
0.10278 1.53134 265.635
0.103686 1.53203 263.513
0.106238 1.53289 261.072
0.104945 1.53342 259.467
0.103975 1.53405 257.751
0.107211 1.53399 255.108
0.106352 1.53342 253.346
0.108187 1.53235 250.997
0.109196 1.53153 248.827
0.109661 1.5315 246.793
0.109184 1.53152 244.985
0.109065 1.53233 243.151
0.109615 1.532 241.128
0.110855 1.53218 238.287
0.112016 1.53121 236.363
0.113238 1.53069 234.313
0.120504 1.52836 230.706
0.117802 1.52823 229.476
0.117046 1.52792 227.752
0.117115 1.52785 225.788
0.112858 1.5275 224.868
0.106144 1.52799 224.265
0.106085 1.52677 221.537
0.105008 1.52609 220.071
0.104011 1.52599 218.275
0.106314 1.52493 215.766
0.107043 1.52484 213.847
0.107937 1.5256 211.54
0.107539 1.52526 209.732
0.105471 1.52354 208.517
0.105381 1.52471 206.627
0.10545 1.52496 204.585
0.103723 1.52444 203.992
0.103779 1.52431 202.332
0.104423 1.52387 200.373
0.104771 1.52334 197.685
0.103519 1.52212 195.891
0.104075 1.5228 193.579
0.10415 1.52273 191.539
0.103375 1.52456 189.924
0.101716 1.52399 189.296
0.10217 1.52409 187.705
0.103624 1.52426 185.654
0.105044 1.5236 183.564
0.106925 1.52234 181.227
0.108139 1.52244 179.17
0.108481 1.5234 177.388
0.106306 1.52283 176.362
0.105916 1.52321 174.786
0.105929 1.52429 172.436
0.105912 1.52423 170.279
0.107158 1.52358 167.876
0.108076 1.5224 165.658
0.107863 1.52216 160.456
0.107382 1.52185 157.313
0.108062 1.52168 154.224
0.107258 1.52163 151.749
0.10814 1.52153 148.853
0.107799 1.52166 149.733
0.107635 1.52022 149.284
0.107898 1.51859 148.078
0.107842 1.5189 146.654
0.107035 1.51871 145.337
0.108886 1.51897 143.051
0.109658 1.51933 141.062
0.109926 1.52031 139.241
0.110797 1.51906 136.435
0.11152 1.51896 133.963
0.10806 1.52995 131.749
0.105463 1.5371 129.804
0.102992 1.54172 127.989
0.100835 1.5452 126.889
0.100137 1.54885 125.079
0.101825 1.53931 123.524
0.101488 1.53461 122.129
0.102854 1.53268 119.898
0.100914 1.53043 118.558
0.09981 1.52871 116.895
0.0980976 1.52823 115.45
0.0980832 1.52707 113.321
0.0965164 1.52708 111.753
0.0960745 1.52681 109.773
0.0969277 1.52828 107.56
0.0950476 1.52801 105.152
0.0945031 1.5274 102.691
0.0939362 1.52635 100.373
0.0932185 1.52673 98.2219
0.0912704 1.5258 96.3591
0.0925486 1.5256 94.6292
0.0914835 1.52676 93.1919
0.0920177 1.52702 91.2783
0.0938315 1.52855 88.9841
0.0942515 1.52899 87.0233
0.0955639 1.52972 84.8381
0.102875 1.52932 81.3424
0.100998 1.52988 79.8488
0.100032 1.52854 78.1368
0.099781 1.52823 76.2888
0.0972241 1.52865 74.9778
0.0910105 1.53037 73.7502
0.0949469 1.52987 70.5827
0.0968345 1.5309 68.0354
0.0988547 1.53072 65.5194
0.101739 1.52983 62.8328
0.10362 1.52935 61.0674
0.103136 1.52918 59.5555
0.105188 1.52912 57.319
0.105312 1.52836 55.4608
0.106049 1.52846 52.0323
0.10826 1.52727 48.9077
0.109504 1.52762 46.5886
0.108484 1.52825 45.3139
0.109208 1.52926 44.0391
0.111051 1.53005 44.3307
0.111832 1.53312 44.4927
0.111998 1.53659 44.9261
0.115058 1.53895 44.6429
0.11912 1.54386 44.0989
0.121753 1.54903 44.0125
0.125274 1.55408 43.9338
0.131587 1.55955 42.9587
0.138056 1.56609 41.9714
0.143658 1.57266 41.3141
0.151302 1.58458 40.5308
0.160729 1.59356 39.2325
0.170903 1.60578 38.3454
0.180397 1.61901 37.631
0.189162 1.63276 37.3503
0.19904 1.64128 36.4762
0.208319 1.65328 36.0707
0.21663 1.66371 35.6968
0.226215 1.67459 35.275
0.238672 1.68457 34.1638
0.250326 1.69742 33.5198
0.262383 1.70977 32.964
0.275919 1.72188 32.1033
0.288451 1.73547 31.7903
0.302746 1.74905 31.1388
0.31657 1.76096 30.8778
0.330743 1.77616 30.8071
0.352023 1.79347 30.2434
0.37187 1.81047 29.9513
0.391553 1.82449 29.5467
0.411154 1.84209 29.4448
0.43851 1.85592 30.039
0.455816 1.86762 31.5114
0.475118 1.87742 32.0593
0.49275 1.89042 32.9813
0.509437 1.90069 33.9441
0.517515 1.91038 34.0481
0.528899 1.91918 33.3994
0.540843 1.92815 32.867
0.557613 1.94183 32.9133
0.572836 1.95375 33.1033
0.658144 1.99467 271.495
0.715882 2.02293 64.2228
0.773747 2.04876 177.693
0.94387 2.14164 236.87
0.992617 2.13607 288.45
0.953906 2.09878 102.802
0.930114 2.07246 4.47589
0.899161 2.04497 305.798
0.745735 1.9441 301.526
0.714103 1.93771 303.304
0.694433 1.9354 305.445
0.682589 1.93292 306.77
0.670804 1.93044 308.758
0.659548 1.92954 311.417
0.6502 1.93291 314.338
0.644525 1.93149 315.629
0.642062 1.93081 316.107
0.642837 1.93146 316.044
0.649778 1.92979 313.588
0.653542 1.92817 312.37
0.657494 1.92786 311.272
0.660049 1.92755 310.799
0.663957 1.92989 310.292
0.663168 1.93412 311.607
0.665919 1.93451 311.319
0.668787 1.93782 311.268
0.670039 1.93848 311.373
0.673816 1.93901 310.447
0.676098 1.93772 309.623
0.674929 1.94045 310.079
0.67242 1.93996 310.439
0.67036 1.93916 310.384
0.66528 1.93631 310.945
0.659033 1.93321 311.772
0.656405 1.92798 311.119
0.652324 1.92204 310.748
0.646631 1.91777 311.039
0.64107 1.91035 310.819
0.63402 1.90215 310.466
0.625582 1.89197 310.414
0.618307 1.88244 310.042
0.609851 1.8732 310.091
0.600112 1.86193 309.653
0.587326 1.84705 309.296
0.573889 1.83604 309.927
0.560865 1.82584 310.684
0.548338 1.81213 310.272
0.535358 1.80427 311.611
0.531058 1.79918 311.419
0.524297 1.79207 311.446
0.516624 1.78649 311.727
0.50883 1.77828 311.66
0.50125 1.77057 311.617
0.493401 1.76434 311.797
0.485321 1.7568 311.986
0.475352 1.74636 311.983
0.470576 1.74206 312.007
0.467217 1.7358 311.42
0.461712 1.7326 312.071
0.458778 1.72982 312.07
0.458485 1.72681 311.637
0.455541 1.72495 312.267
0.452232 1.72548 313.328
0.451821 1.72261 313.162
0.451937 1.72082 312.924
0.452326 1.72275 313.657
0.453824 1.72212 313.976
0.45838 1.72071 313.449
0.459386 1.71895 315.366
0.463549 1.71692 316.978
0.465318 1.71346 319.955
0.467344 1.71137 323.584
0.467485 1.70698 328.319
0.47306 1.70309 332.365
0.473545 1.7007 337.953
