0.16971 1.91004 257.55 -0.215582 -0.976486
0.173693 1.91036 256.706 -0.229945 -0.973204
0.172466 1.91032 256.976 -0.225366 -0.974274
0.173398 1.91035 256.773 -0.228811 -0.973471
0.171678 1.91022 257.133 -0.222681 -0.974891
0.17274 1.91033 256.913 -0.226435 -0.974026
0.171111 1.9102 257.258 -0.220554 -0.975375
0.1712 1.91049 257.24 -0.220874 -0.975302
0.173725 1.91018 256.701 -0.230029 -0.973184
0.174022 1.91036 256.638 -0.23111 -0.972928
0.172751 1.91033 256.91 -0.226478 -0.974016
0.173398 1.91035 256.773 -0.228811 -0.973471
0.170817 1.9102 257.316 -0.219571 -0.975596
0.173381 1.91035 256.774 -0.2288 -0.973473
0.171684 1.91046 257.135 -0.222656 -0.974897
0.172356 1.91032 256.997 -0.224997 -0.97436
0.171925 1.91047 257.084 -0.223518 -0.9747
0.172809 1.91025 256.891 -0.22681 -0.973939
0.173761 1.9106 256.694 -0.230152 -0.973155
0.172592 1.91057 256.946 -0.225872 -0.974157
0.173604 1.91035 256.726 -0.229603 -0.973284
0.172982 1.91034 256.86 -0.227332 -0.973817
0.17378 1.91048 256.693 -0.230162 -0.973152
0.173289 1.91029 256.799 -0.228361 -0.973577
0.172569 1.91033 256.944 -0.225896 -0.974151
0.172333 1.91055 257.009 -0.224803 -0.974404
0.174244 1.9102 256.586 -0.23198 -0.972721
0.173545 1.91022 256.735 -0.229449 -0.973321
0.172128 1.91032 257.045 -0.224187 -0.974546
0.17424 1.91037 256.588 -0.23195 -0.972728
0.176041 1.91 256.199 -0.238547 -0.971131
0.171651 1.91045 257.144 -0.222499 -0.974933
0.174317 1.91031 256.577 -0.232143 -0.972682
0.172381 1.91057 256.995 -0.225037 -0.97435
0.173782 1.91048 256.694 -0.230152 -0.973155
0.172358 1.91032 256.997 -0.225006 -0.974357
0.173224 1.91059 256.81 -0.228183 -0.973618
0.174861 1.91025 256.472 -0.233927 -0.972254
0.169103 1.91048 257.688 -0.213234 -0.977001
0.169762 1.91041 257.546 -0.215653 -0.97647
0.173406 1.91034 256.774 -0.228798 -0.973474
0.173798 1.91036 256.686 -0.230296 -0.973121
0.172192 1.91032 257.034 -0.22437 -0.974504
0.171655 1.91031 257.142 -0.222543 -0.974923
0.17429 1.91032 256.581 -0.23207 -0.972699
0.170855 1.9102 257.308 -0.219705 -0.975566
0.174348 1.9102 256.566 -0.232326 -0.972638
0.17435 1.91036 256.568 -0.232288 -0.972647
0.17274 1.91033 256.913 -0.226435 -0.974026
0.174347 1.9101 256.577 -0.232136 -0.972683
0.171211 1.91025 257.239 -0.220879 -0.975301
0.173398 1.91035 256.773 -0.228811 -0.973471
0.171295 1.91029 257.229 -0.22106 -0.97526
0.171429 1.91034 257.189 -0.221736 -0.975107
0.173735 1.91018 256.701 -0.230034 -0.973183
0.174332 1.91032 256.569 -0.232282 -0.972648
0.172501 1.91052 256.972 -0.225425 -0.974261
0.172598 1.91033 256.942 -0.225937 -0.974142
0.173008 1.91058 256.859 -0.22735 -0.973813
0.169528 1.9104 257.594 -0.214832 -0.976651
0.173042 1.91057 256.854 -0.227431 -0.973794
0.174446 1.91036 256.55 -0.232602 -0.972572
0.173067 1.9105 256.84 -0.227668 -0.973739
0.17312 1.91021 256.837 -0.227729 -0.973724
0.167355 1.91077 258.065 -0.206805 -0.978382
0.174022 1.91036 256.638 -0.23111 -0.972928
0.173693 1.91036 256.706 -0.229945 -0.973204
0.172336 1.91034 257.007 -0.224826 -0.974399
0.173197 1.91034 256.819 -0.228028 -0.973655
0.171645 1.91022 257.142 -0.222531 -0.974926
0.173554 1.91059 256.741 -0.22935 -0.973344
0.171726 1.91031 257.129 -0.222759 -0.974874
0.173533 1.91026 256.737 -0.229422 -0.973327
0.172223 1.91044 257.032 -0.224415 -0.974494
0.172109 1.91023 257.04 -0.224269 -0.974527
0.171259 1.91055 257.225 -0.221126 -0.975245
0.173454 1.91026 256.755 -0.229119 -0.973399
0.17107 1.91021 257.264 -0.220459 -0.975396
0.173398 1.91035 256.773 -0.228811 -0.973471
0.17274 1.91033 256.912 -0.226445 -0.974024
0.173819 1.91035 256.684 -0.230322 -0.973115
0.17495 1.91039 256.44 -0.234467 -0.972124
0.174022 1.91036 256.638 -0.23111 -0.972928
0.172877 1.91033 256.888 -0.226852 -0.973929
0.173264 1.9103 256.802 -0.22832 -0.973586
0.172268 1.91069 257.022 -0.224585 -0.974455
0.172731 1.91067 256.918 -0.226339 -0.974049
0.172287 1.91045 257.01 -0.224787 -0.974408
0.173554 1.91059 256.741 -0.22935 -0.973344
0.17372 1.91035 256.703 -0.229994 -0.973192
0.174237 1.91031 256.596 -0.231823 -0.972758
0.174302 1.91011 256.576 -0.232163 -0.972677
0.17378 1.91048 256.693 -0.230162 -0.973152
0.173888 1.91014 256.663 -0.230675 -0.973031
0.172772 1.90994 256.91 -0.226486 -0.974015
0.172283 1.91051 257.01 -0.224786 -0.974408
0.1735 1.91034 256.753 -0.229147 -0.973392
0.172877 1.91033 256.888 -0.226852 -0.973929
0.17385 1.91058 256.681 -0.230375 -0.973102
0.17031 1.9101 257.432 -0.2176 -0.976038
0.172277 1.91014 257.02 -0.224606 -0.97445
0.172606 1.91045 256.945 -0.225894 -0.974152
0.173448 1.91036 256.774 -0.2288 -0.973473
0.171974 1.91044 257.077 -0.223649 -0.97467
0.174587 1.91024 256.516 -0.233178 -0.972434
0.173491 1.91018 256.747 -0.229256 -0.973366
0.171694 1.91031 257.138 -0.222612 -0.974907
0.174263 1.91024 256.585 -0.232005 -0.972715
0.168379 1.91048 257.84 -0.21064 -0.977564
0.17349 1.9103 256.753 -0.229145 -0.973392
0.171482 1.9103 257.181 -0.221866 -0.975077
0.172646 1.91033 256.93 -0.226145 -0.974094
0.173205 1.91038 256.811 -0.228163 -0.973623
0.172041 1.91048 257.055 -0.224008 -0.974587
0.173577 1.91026 256.738 -0.229406 -0.973331
0.173711 1.91019 256.708 -0.22991 -0.973212
0.172397 1.91024 256.978 -0.225323 -0.974284
0.170182 1.91051 257.459 -0.217133 -0.976142
0.174227 1.90993 256.59 -0.23192 -0.972735
0.17176 1.91047 257.119 -0.222929 -0.974835
0.172637 1.91045 256.945 -0.225892 -0.974152
0.17102 1.91053 257.283 -0.220141 -0.975468
0.173383 1.9103 256.774 -0.228787 -0.973476
0.171176 1.91028 257.255 -0.220618 -0.97536
0.171729 1.91046 257.128 -0.222771 -0.974871
0.171985 1.91036 257.09 -0.223427 -0.974721
0.170222 1.91001 257.444 -0.217392 -0.976084
0.173627 1.91036 256.714 -0.229806 -0.973237
0.174266 1.91024 256.585 -0.231998 -0.972716
0.172944 1.91013 256.863 -0.227281 -0.973829
0.175549 1.90981 256.304 -0.236762 -0.971568
0.174114 1.91031 256.618 -0.231443 -0.972849
0.171666 1.91038 257.147 -0.222447 -0.974945
0.173477 1.91035 256.755 -0.229113 -0.9734
0.173156 1.91047 256.829 -0.227863 -0.973693
0.16795 1.91081 257.939 -0.208953 -0.977926
0.174099 1.91025 256.628 -0.23128 -0.972887
0.172626 1.91056 256.941 -0.225953 -0.974138
0.174022 1.91036 256.638 -0.23111 -0.972928
0.174348 1.9102 256.566 -0.232326 -0.972638
0.173772 1.9106 256.692 -0.230191 -0.973146
0.172904 1.91025 256.873 -0.22711 -0.973869
0.170706 1.91044 257.343 -0.219119 -0.975698
0.174826 1.91046 256.469 -0.233964 -0.972245
0.170233 1.91042 257.449 -0.217314 -0.976102
0.173404 1.91001 256.784 -0.228628 -0.973514
0.17204 1.91059 257.06 -0.223932 -0.974605
0.172434 1.91032 256.979 -0.22531 -0.974287
0.172758 1.91017 256.907 -0.22654 -0.974002
0.17372 1.91035 256.703 -0.229994 -0.973192
0.174125 1.91019 256.614 -0.231512 -0.972832
0.171914 1.91053 257.102 -0.223218 -0.974769
0.171331 1.91021 257.209 -0.221389 -0.975186
0.170559 1.9104 257.383 -0.218432 -0.975852
0.170275 1.91031 257.436 -0.217527 -0.976054
0.173909 1.91059 256.667 -0.230612 -0.973046
0.17208 1.91032 257.055 -0.224009 -0.974587
0.174114 1.91031 256.618 -0.231443 -0.972849
0.171718 1.91034 257.13 -0.222738 -0.974878
0.172703 1.91057 256.925 -0.226222 -0.974076
0.174629 1.91036 256.515 -0.233188 -0.972432
0.173614 1.91035 256.724 -0.229641 -0.973275
0.172826 1.91025 256.888 -0.226849 -0.97393
0.173048 1.91029 256.851 -0.227486 -0.973781
0.172079 1.91014 257.059 -0.22394 -0.974603
0.172755 1.91054 256.915 -0.226399 -0.974035
0.173756 1.91005 256.694 -0.230146 -0.973156
0.172015 1.91032 257.067 -0.223809 -0.974633
0.174435 1.91032 256.548 -0.232623 -0.972567
0.175297 1.91038 256.363 -0.235774 -0.971808
0.173503 1.91035 256.746 -0.229274 -0.973362
0.174314 1.91036 256.579 -0.23211 -0.97269
0.172827 1.91069 256.908 -0.22651 -0.974009
0.172595 1.91046 256.943 -0.225912 -0.974148
0.175388 1.91034 256.343 -0.236106 -0.971727
0.170798 1.91044 257.324 -0.219442 -0.975625
0.172822 1.91058 256.898 -0.226691 -0.973967
0.173555 1.91048 256.739 -0.229381 -0.973337
0.174343 1.91037 256.568 -0.232291 -0.972646
0.174343 1.91037 256.568 -0.232291 -0.972646
0.173398 1.91035 256.773 -0.228811 -0.973471
0.173715 1.91036 256.7 -0.230057 -0.973177
0.172901 1.91058 256.88 -0.226994 -0.973896
0.173457 1.91053 256.765 -0.22895 -0.973438
0.173484 1.91058 256.757 -0.229084 -0.973407
0.173275 1.91034 256.801 -0.228329 -0.973584
0.17192 1.91054 257.096 -0.223311 -0.974747
0.171569 1.9103 257.168 -0.222096 -0.975025
0.173291 1.91035 256.794 -0.228454 -0.973555
0.174607 1.91024 256.513 -0.233232 -0.972421
0.173823 1.91031 256.676 -0.230462 -0.973081
0.174022 1.91036 256.638 -0.23111 -0.972928
0.173819 1.91035 256.684 -0.230322 -0.973115
0.173614 1.91035 256.724 -0.229641 -0.973275
0.172612 1.91046 256.939 -0.225981 -0.974132
0.173693 1.91036 256.706 -0.229945 -0.973204
0.173179 1.91035 256.814 -0.228105 -0.973637
0.172869 1.91049 256.886 -0.226897 -0.973919
0.170169 1.91063 257.458 -0.21715 -0.976138
0.176312 1.91009 256.148 -0.239408 -0.970919
0.16879 1.91059 257.749 -0.212188 -0.977229
0.172449 1.91024 256.966 -0.225531 -0.974236
0.169754 1.91062 257.547 -0.215641 -0.976473
0.175452 1.91017 256.339 -0.236185 -0.971708
0.17339 1.91018 256.771 -0.228842 -0.973463
0.174446 1.91007 256.551 -0.232587 -0.972576
0.169064 1.91061 257.69 -0.213198 -0.977009
0.173334 1.91044 256.796 -0.228418 -0.973563
0.174002 1.91054 256.647 -0.230947 -0.972966
0.173909 1.91059 256.667 -0.230612 -0.973046
0.172305 1.91032 257.012 -0.224748 -0.974417
0.173457 1.91053 256.765 -0.22895 -0.973438
0.172982 1.91034 256.861 -0.227307 -0.973823
0.173918 1.91036 256.658 -0.230764 -0.97301
0.173127 1.91047 256.83 -0.227842 -0.973698
0.174343 1.91037 256.568 -0.232291 -0.972646
0.175679 1.91038 256.284 -0.237115 -0.971481
0.174002 1.91054 256.647 -0.230947 -0.972966
0.174728 1.91037 256.484 -0.233718 -0.972305
0.175052 1.91038 256.414 -0.234911 -0.972017
0.170971 1.91057 257.285 -0.220102 -0.975477
0.1735 1.91034 256.753 -0.229147 -0.973392
0.171434 1.9103 257.192 -0.221686 -0.975118
0.173056 1.91052 256.852 -0.227465 -0.973786
0.171855 1.91111 257.115 -0.222989 -0.974821
0.17274 1.91033 256.913 -0.226435 -0.974026
0.174051 1.91006 256.627 -0.231285 -0.972886
0.170088 1.91066 257.474 -0.216885 -0.976197
0.173063 1.91034 256.843 -0.227624 -0.973749
0.173588 1.91058 256.736 -0.22943 -0.973325
0.174022 1.91036 256.638 -0.23111 -0.972928
0.173798 1.91036 256.686 -0.230296 -0.973121
0.175561 1.91026 256.311 -0.236645 -0.971596
0.173233 1.91026 256.797 -0.228408 -0.973565
0.172385 1.91015 256.995 -0.225035 -0.974351
0.172518 1.91033 256.959 -0.225649 -0.974209
0.173584 1.91018 256.734 -0.229474 -0.973315
0.17173 1.91031 257.124 -0.222842 -0.974855
0.171042 1.9102 257.271 -0.220337 -0.975424
0.168284 1.91036 257.858 -0.210331 -0.97763
0.173554 1.91059 256.741 -0.22935 -0.973344
0.174126 1.91037 256.61 -0.231571 -0.972818
0.169264 1.91036 257.655 -0.213802 -0.976877
0.174022 1.91036 256.638 -0.23111 -0.972928
0.17337 1.91035 256.776 -0.228757 -0.973484
0.173291 1.91035 256.794 -0.228454 -0.973555
0.173908 1.90978 256.667 -0.230612 -0.973046
0.170354 1.9105 257.424 -0.217734 -0.976008
0.171584 1.91031 257.159 -0.222239 -0.974992
0.174304 1.91031 256.581 -0.232075 -0.972698
0.172604 1.91038 256.932 -0.226104 -0.974103
0.173197 1.91034 256.819 -0.228028 -0.973655
0.168616 1.91049 257.79 -0.211502 -0.977378
0.171888 1.91055 257.101 -0.223239 -0.974764
0.168185 1.91068 257.885 -0.209877 -0.977728
0.170608 1.91028 257.369 -0.218677 -0.975797
0.170475 1.91064 257.395 -0.218232 -0.975897
0.173588 1.91058 256.736 -0.22943 -0.973325
0.174114 1.91031 256.618 -0.231443 -0.972849
0.171393 1.9103 257.202 -0.221519 -0.975156
0.1735 1.91034 256.753 -0.229147 -0.973392
0.170264 1.91087 257.444 -0.217401 -0.976082
0.169829 1.91041 257.53 -0.215923 -0.976411
0.171309 1.9103 257.22 -0.221205 -0.975227
0.174721 1.91033 256.483 -0.233742 -0.972299
0.172125 1.91015 257.044 -0.224208 -0.974541
0.17424 1.91037 256.588 -0.23195 -0.972728
0.172667 1.91033 256.925 -0.226223 -0.974076
0.172305 1.91055 257.012 -0.224751 -0.974416
0.174456 1.91015 256.542 -0.232732 -0.972541
0.173808 1.91042 256.686 -0.230292 -0.973121
0.174287 1.91023 256.577 -0.232146 -0.972681
0.174022 1.91036 256.638 -0.23111 -0.972928
0.173592 1.9103 256.734 -0.22948 -0.973313
0.173364 1.91058 256.784 -0.228615 -0.973517
0.172558 1.91028 256.956 -0.2257 -0.974197
0.173918 1.91036 256.658 -0.230764 -0.97301
0.17378 1.91048 256.693 -0.230162 -0.973152
0.174669 1.9102 256.496 -0.233506 -0.972355
0.168574 1.91061 257.802 -0.211289 -0.977424
0.173785 1.91031 256.687 -0.230277 -0.973125
0.171651 1.91035 257.139 -0.222594 -0.974911
0.174804 1.91047 256.476 -0.233847 -0.972273
0.173373 1.91026 256.77 -0.228854 -0.973461
0.172826 1.91034 256.893 -0.226768 -0.973949
0.173398 1.91035 256.773 -0.228811 -0.973471
0.172841 1.91056 256.9 -0.226646 -0.973977
0.172685 1.9107 256.933 -0.226092 -0.974106
0.17031 1.91052 257.431 -0.217616 -0.976034
0.174101 1.91049 256.624 -0.231344 -0.972872
0.174022 1.91036 256.638 -0.23111 -0.972928
0.175562 1.91017 256.302 -0.236796 -0.971559
0.173457 1.91053 256.765 -0.22895 -0.973438
0.172701 1.91057 256.925 -0.226234 -0.974073
0.172078 1.91032 257.051 -0.224076 -0.974572
0.172921 1.91064 256.889 -0.226841 -0.973932
0.173008 1.91058 256.859 -0.22735 -0.973813
0.173398 1.91035 256.773 -0.228811 -0.973471
0.171452 1.91046 257.185 -0.221796 -0.975093
0.174022 1.91036 256.638 -0.23111 -0.972928
0.173929 1.91036 256.655 -0.230807 -0.973
0.173089 1.91034 256.84 -0.227668 -0.973739
0.171752 1.91055 257.131 -0.22273 -0.97488
0.173477 1.91035 256.755 -0.229113 -0.9734
0.173291 1.91035 256.794 -0.228454 -0.973555
0.172389 1.91032 256.989 -0.22513 -0.974329
0.174875 1.91007 256.453 -0.234238 -0.972179
0.173162 1.91052 256.832 -0.227811 -0.973705
0.170087 1.91041 257.47 -0.216954 -0.976182
0.173677 1.91026 256.717 -0.229768 -0.973245
0.169773 1.91074 257.551 -0.215573 -0.976488
0.173291 1.91035 256.794 -0.228454 -0.973555
0.171064 1.91029 257.274 -0.220282 -0.975436
0.172708 1.91033 256.92 -0.226305 -0.974057
0.174022 1.91036 256.638 -0.23111 -0.972928
0.174179 1.90994 256.612 -0.231551 -0.972823
0.173088 1.91043 256.849 -0.227516 -0.973774
0.171991 1.91046 257.073 -0.22371 -0.974656
0.173969 1.91028 256.655 -0.230818 -0.972997
0.172901 1.91058 256.88 -0.226994 -0.973896
0.174343 1.91037 256.568 -0.232291 -0.972646
0.170706 1.91053 257.348 -0.219022 -0.97572
0.174395 1.91043 256.56 -0.232434 -0.972612
0.171458 1.91078 257.194 -0.221647 -0.975127
0.174195 1.91028 256.602 -0.23172 -0.972783
0.17263 1.91025 256.928 -0.226174 -0.974087
0.172646 1.91033 256.932 -0.226115 -0.974101
0.172477 1.91081 256.985 -0.225208 -0.974311
0.171455 1.91043 257.19 -0.22172 -0.97511
0.172343 1.91048 256.994 -0.225054 -0.974346
0.172756 1.91033 256.91 -0.226482 -0.974015
0.173772 1.9106 256.692 -0.230191 -0.973146
0.173031 1.91058 256.857 -0.227384 -0.973805
0.172739 1.91046 256.915 -0.22639 -0.974037
0.174873 1.91038 256.452 -0.234254 -0.972175
0.16982 1.91053 257.537 -0.215813 -0.976435
0.173633 1.91016 256.726 -0.229603 -0.973284
0.172995 1.91012 256.853 -0.227446 -0.973791
0.170018 1.9105 257.499 -0.216458 -0.976292
0.173127 1.91047 256.83 -0.227842 -0.973698
0.174435 1.91032 256.548 -0.232623 -0.972567
0.169119 1.91034 257.678 -0.213404 -0.976964
0.171622 1.91055 257.154 -0.222328 -0.974972
0.171366 1.91054 257.212 -0.221346 -0.975195
0.174324 1.91021 256.573 -0.232202 -0.972668
0.171458 1.91052 257.198 -0.221575 -0.975143
0.173957 1.90993 256.648 -0.230941 -0.972968
0.173397 1.91001 256.763 -0.228982 -0.973431
0.171805 1.91046 257.113 -0.223028 -0.974812
0.171378 1.91029 257.208 -0.221417 -0.975179
0.171444 1.91055 257.192 -0.221691 -0.975117
0.172249 1.91025 257.02 -0.224611 -0.974449
0.174688 1.91012 256.491 -0.233592 -0.972335
0.172982 1.91034 256.861 -0.227307 -0.973823
0.172222 1.91032 257.027 -0.224498 -0.974475
0.171912 1.91031 257.093 -0.22337 -0.974734
0.168418 1.91059 257.839 -0.210651 -0.977561
0.174074 1.90972 256.618 -0.231437 -0.97285
0.172122 1.91013 257.058 -0.223967 -0.974597
0.173334 1.91009 256.783 -0.228647 -0.973509
0.173113 1.91034 256.836 -0.227742 -0.973722
0.174022 1.91036 256.638 -0.23111 -0.972928
0.173507 1.91029 256.748 -0.229232 -0.973372
0.172877 1.91033 256.888 -0.226852 -0.973929
0.171425 1.9103 257.197 -0.221594 -0.975139
0.174266 1.91024 256.585 -0.231998 -0.972716
0.166676 1.9105 258.207 -0.20438 -0.978892
0.174511 1.91015 256.528 -0.232966 -0.972485
0.174362 1.91061 256.568 -0.232294 -0.972646
0.173768 1.91066 256.704 -0.229984 -0.973194
0.174114 1.91031 256.618 -0.231443 -0.972849
0.173477 1.91035 256.755 -0.229113 -0.9734
0.173725 1.91018 256.701 -0.230029 -0.973184
0.171162 1.91054 257.253 -0.22065 -0.975353
0.174343 1.91037 256.568 -0.232291 -0.972646
0.173534 1.9103 256.742 -0.229333 -0.973348
0.172029 1.91031 257.066 -0.22383 -0.974628
0.172576 1.9099 256.944 -0.225896 -0.974152
0.172661 1.91027 256.929 -0.226156 -0.974091
0.174343 1.91037 256.568 -0.232291 -0.972646
0.173177 1.91017 256.819 -0.228022 -0.973656
0.169457 1.91014 257.609 -0.214584 -0.976705
0.173693 1.91036 256.706 -0.229945 -0.973204
0.170866 1.91003 257.323 -0.219458 -0.975622
0.173309 1.91018 256.79 -0.228525 -0.973538
0.1674 1.91072 258.052 -0.207019 -0.978337
0.173398 1.91035 256.773 -0.228811 -0.973471
0.167347 1.91048 258.06 -0.206894 -0.978363
0.172844 1.91029 256.89 -0.226829 -0.973935
0.172922 1.91033 256.877 -0.227047 -0.973884
0.172445 1.91049 256.97 -0.225453 -0.974254
0.172218 1.91032 257.023 -0.224567 -0.974459
0.17285 1.91033 256.891 -0.226803 -0.973941
0.172155 1.91039 257.048 -0.224134 -0.974558
0.173503 1.91035 256.746 -0.229274 -0.973362
0.174022 1.91036 256.638 -0.23111 -0.972928
0.173918 1.91036 256.658 -0.230764 -0.97301
0.172336 1.91055 257.007 -0.224825 -0.974399
0.17465 1.91011 256.513 -0.233216 -0.972425
0.1687 1.91026 257.77 -0.21184 -0.977304
0.175694 1.90982 256.281 -0.237155 -0.971472
0.173334 1.91009 256.783 -0.228647 -0.973509
0.173819 1.91035 256.684 -0.230322 -0.973115
0.174343 1.91037 256.568 -0.232291 -0.972646
0.172833 1.91058 256.895 -0.226734 -0.973957
0.171802 1.91029 257.122 -0.222879 -0.974846
0.17274 1.91039 256.919 -0.226331 -0.974051
0.171679 1.9103 257.142 -0.222538 -0.974924
0.174022 1.91036 256.638 -0.23111 -0.972928
0.17139 1.91045 257.202 -0.221518 -0.975156
0.17082 1.91053 257.326 -0.219399 -0.975635
0.168439 1.91025 257.824 -0.210912 -0.977505
0.171493 1.91045 257.18 -0.221893 -0.975071
0.170894 1.91041 257.311 -0.219657 -0.975577
0.175967 1.91026 256.223 -0.238142 -0.97123
0.173377 1.91017 256.787 -0.228578 -0.973526
0.169344 1.91084 257.638 -0.214093 -0.976813
0.173352 1.91042 256.79 -0.228524 -0.973538
0.172096 1.91055 257.055 -0.22402 -0.974585
0.173714 1.91035 256.705 -0.229973 -0.973197
0.175206 1.90999 256.383 -0.235427 -0.971892
0.171805 1.91031 257.116 -0.222981 -0.974823
0.175371 1.91026 256.356 -0.23588 -0.971782
0.173373 1.91026 256.77 -0.228854 -0.973461
0.174392 1.91068 256.568 -0.232284 -0.972648
0.173477 1.91035 256.755 -0.229113 -0.9734
0.172874 1.91033 256.889 -0.226838 -0.973932
0.173398 1.91035 256.773 -0.228811 -0.973471
0.17372 1.91035 256.703 -0.229994 -0.973192
0.17365 1.91039 256.723 -0.229656 -0.973272
0.171985 1.91044 257.074 -0.223692 -0.97466
0.17274 1.91033 256.913 -0.226435 -0.974026
0.173398 1.91035 256.773 -0.228811 -0.973471
0.175934 1.91022 256.226 -0.238091 -0.971243
0.174009 1.91054 256.647 -0.230944 -0.972967
0.174433 1.91015 256.546 -0.23267 -0.972556
0.174025 1.91015 256.632 -0.231202 -0.972906
0.175455 1.91013 256.325 -0.236422 -0.97165
0.171694 1.91031 257.138 -0.222612 -0.974907
0.171967 1.91039 257.081 -0.223573 -0.974687
0.17285 1.91033 256.891 -0.226803 -0.973941
0.172528 1.91045 256.964 -0.225559 -0.974229
0.174022 1.91036 256.638 -0.23111 -0.972928
0.172077 1.91079 257.065 -0.223854 -0.974623
0.173165 1.91035 256.818 -0.228039 -0.973652
0.173017 1.91046 256.862 -0.227296 -0.973826
0.17372 1.91035 256.703 -0.229994 -0.973192
0.172906 1.91003 256.878 -0.227023 -0.973889
0.173567 1.91032 256.744 -0.229297 -0.973357
0.17371 1.91041 256.712 -0.22985 -0.973226
0.172503 1.9108 256.975 -0.225377 -0.974272
0.174392 1.91068 256.568 -0.232284 -0.972648
0.172325 1.91032 257.001 -0.224936 -0.974374
0.172867 1.91054 256.898 -0.22668 -0.973969
0.173987 1.91044 256.654 -0.230833 -0.972993
0.173477 1.91048 256.759 -0.229046 -0.973416
0.174343 1.91037 256.568 -0.232291 -0.972646
0.173063 1.91034 256.843 -0.227624 -0.973749
0.171119 1.91029 257.259 -0.220543 -0.975377
0.171031 1.91101 257.312 -0.219644 -0.97558
0.173233 1.91026 256.797 -0.228408 -0.973565
0.174723 1.91023 256.492 -0.233588 -0.972336
0.173254 1.91034 256.803 -0.228304 -0.97359
0.171901 1.91054 257.097 -0.223306 -0.974748
0.175149 1.91046 256.399 -0.235152 -0.971959
0.172308 1.91071 257.008 -0.224812 -0.974402
0.173816 1.91014 256.682 -0.230361 -0.973105
0.171573 1.91055 257.165 -0.222148 -0.975013
0.173772 1.91035 256.693 -0.230171 -0.97315
0.172139 1.91031 257.046 -0.22416 -0.974552
0.173396 1.91035 256.773 -0.22881 -0.973471
0.174103 1.91049 256.624 -0.231333 -0.972875
0.172671 1.91034 256.921 -0.226292 -0.97406
0.173291 1.91038 256.791 -0.228511 -0.973541
0.174427 1.91033 256.552 -0.232558 -0.972583
0.17238 1.91057 256.994 -0.225045 -0.974348
0.174343 1.91037 256.568 -0.232291 -0.972646
0.173772 1.9106 256.692 -0.230191 -0.973146
0.174343 1.91037 256.568 -0.232291 -0.972646
0.173827 1.91018 256.681 -0.230364 -0.973104
0.17556 1.91025 256.307 -0.236712 -0.97158
0.174022 1.91036 256.638 -0.23111 -0.972928
0.17088 1.91043 257.31 -0.219673 -0.975574
0.170297 1.91031 257.432 -0.217601 -0.976038
0.174348 1.9102 256.566 -0.232326 -0.972638
0.17285 1.91033 256.891 -0.22681 -0.973939
0.174623 1.91037 256.511 -0.233251 -0.972417
0.173918 1.91036 256.658 -0.230764 -0.97301
0.170644 1.91056 257.364 -0.218764 -0.975778
0.170802 1.91077 257.328 -0.219366 -0.975643
0.174669 1.9102 256.496 -0.233506 -0.972355
0.173796 1.91048 256.687 -0.230271 -0.973126
0.175152 1.91038 256.394 -0.23524 -0.971937
0.173477 1.91035 256.755 -0.229113 -0.9734
0.173428 1.91037 256.767 -0.228904 -0.973449
0.174053 1.91058 256.647 -0.230944 -0.972967
0.172935 1.91057 256.875 -0.227075 -0.973877
0.173569 1.9103 256.736 -0.229446 -0.973321
0.174396 1.91059 256.563 -0.232374 -0.972627
0.171416 1.9103 257.195 -0.22164 -0.975129
0.174103 1.91049 256.624 -0.231333 -0.972875
0.170348 1.91087 257.428 -0.217669 -0.976023
0.172652 1.91016 256.929 -0.226156 -0.974091
0.171961 1.91056 257.082 -0.223553 -0.974692
0.172776 1.91042 256.921 -0.226297 -0.974058
0.170054 1.91064 257.49 -0.216614 -0.976257
0.173291 1.91035 256.794 -0.228454 -0.973555
0.171938 1.91035 257.08 -0.223588 -0.974684
0.169415 1.91037 257.625 -0.214308 -0.976766
0.172305 1.91057 257.006 -0.224849 -0.974394
0.172381 1.91024 256.983 -0.225232 -0.974305
0.167639 1.91021 257.998 -0.207939 -0.978142
0.171508 1.9103 257.174 -0.221985 -0.97505
0.173188 1.91009 256.823 -0.227954 -0.973672
0.168725 1.91065 257.767 -0.211894 -0.977293
0.174114 1.91031 256.618 -0.231443 -0.972849
0.172205 1.91024 257.018 -0.224638 -0.974442
0.172176 1.9103 257.036 -0.224343 -0.97451
0.170517 1.91019 257.382 -0.218454 -0.975847
0.171968 1.91056 257.077 -0.223648 -0.97467
0.172325 1.91032 257.001 -0.224936 -0.974374
0.170651 1.91044 257.355 -0.218902 -0.975747
0.17274 1.91033 256.913 -0.226435 -0.974026
0.168577 1.91069 257.805 -0.211233 -0.977436
0.171484 1.91049 257.185 -0.2218 -0.975092
0.172422 1.91027 256.987 -0.22518 -0.974317
0.172429 1.91033 256.979 -0.225305 -0.974288
0.171474 1.91043 257.186 -0.221781 -0.975097
0.173047 1.91047 256.848 -0.227538 -0.973769
0.171584 1.9103 257.167 -0.222114 -0.975021
0.173856 1.9104 256.668 -0.230593 -0.97305
0.172139 1.91036 257.037 -0.224319 -0.974516
0.173356 1.91042 256.789 -0.228534 -0.973536
0.176075 1.91066 256.208 -0.238396 -0.971168
0.172222 1.91032 257.027 -0.224498 -0.974475
0.173955 1.91024 256.653 -0.230845 -0.972991
0.174435 1.91032 256.548 -0.232623 -0.972567
0.173819 1.91035 256.684 -0.230322 -0.973115
0.172385 1.91057 256.989 -0.225146 -0.974325
0.17424 1.91037 256.588 -0.23195 -0.972728
0.17424 1.91037 256.588 -0.23195 -0.972728
0.175706 1.91017 256.271 -0.23733 -0.971429
0.173398 1.91035 256.773 -0.228811 -0.973471
0.17396 1.9101 256.647 -0.230955 -0.972964
0.173228 1.91034 256.81 -0.228175 -0.97362
0.173819 1.91035 256.684 -0.230322 -0.973115
0.172186 1.91045 257.035 -0.224355 -0.974507
0.174157 1.91002 256.608 -0.231604 -0.97281
0.171555 1.91022 257.159 -0.222252 -0.974989
0.173819 1.91035 256.684 -0.230322 -0.973115
0.173875 1.9106 256.672 -0.230532 -0.973065
0.172613 1.91063 256.952 -0.225776 -0.974179
0.173177 1.91017 256.819 -0.228022 -0.973656
0.173779 1.91048 256.691 -0.230196 -0.973144
0.174002 1.91054 256.647 -0.230947 -0.972966
0.173398 1.91035 256.773 -0.228811 -0.973471
0.172607 1.91052 256.945 -0.225881 -0.974155
0.175297 1.91038 256.363 -0.235774 -0.971808
0.175297 1.91038 256.363 -0.235774 -0.971808
0.173498 1.91079 256.757 -0.229075 -0.973409
0.172117 1.91044 257.053 -0.224046 -0.974579
0.173344 1.91052 256.812 -0.228141 -0.973628
0.172383 1.91015 257.051 -0.224081 -0.974571
0.166757 1.91265 258.405 -0.201 -0.979591
0.166667 1.91065 258.635 -0.19705 -0.980393
0.166928 1.91243 259.222 -0.187011 -0.982358
0.167651 1.9105 259.55 -0.18138 -0.983413
0.167346 1.91011 260.219 -0.169875 -0.985466
0.169004 1.91106 260.541 -0.164349 -0.986402
0.166618 1.91135 261.781 -0.142955 -0.989729
0.16954 1.91077 262.343 -0.133245 -0.991083
0.173302 1.91098 262.447 -0.131443 -0.991324
0.165683 1.91335 265.039 -0.0864697 -0.996254
0.16919 1.91092 265.232 -0.0831239 -0.996539
0.167849 1.91049 267.071 -0.0510913 -0.998694
0.167301 1.91067 268.277 -0.0300661 -0.999548
0.165595 1.91157 269.74 -0.00454297 -0.99999
0.169698 1.91105 269.931 -0.00120514 -0.999999
0.169937 1.91081 271.467 0.0255935 -0.999672
0.169213 1.91114 272.673 0.046632 -0.998912
0.165278 1.90921 274.508 0.0785946 -0.996907
0.165207 1.91082 275.531 0.0963826 -0.995344
0.169324 1.91134 275.634 0.0981756 -0.995169
0.161547 1.90899 278.66 0.150568 -0.9886
0.167652 1.90967 278.172 0.14215 -0.989845
0.164886 1.90865 279.472 0.164568 -0.986366
0.167178 1.91008 279.483 0.164757 -0.986334
0.164976 1.91121 280.199 0.177066 -0.984199
0.161451 1.90859 280.88 0.188758 -0.982024
0.165774 1.91031 279.77 0.1697 -0.985496
0.17228 1.91075 278.246 0.143428 -0.989661
0.161143 1.90866 280.505 0.18232 -0.983239
0.161874 1.90955 280.312 0.17901 -0.983847
0.164609 1.90933 279.59 0.166605 -0.986024
0.164814 1.90871 279.509 0.165199 -0.98626
0.164878 1.9093 279.495 0.164957 -0.986301
0.163943 1.90953 279.696 0.168417 -0.985716
0.163008 1.90943 279.972 0.173168 -0.984892
0.158526 1.9081 280.992 0.190676 -0.981653
0.16001 1.90818 280.694 0.185564 -0.982632
0.164109 1.90911 279.832 0.170766 -0.985312
0.162234 1.90873 280.229 0.177584 -0.984106
0.171512 1.91002 277.947 0.138256 -0.990397
0.170392 1.91083 277.823 0.136107 -0.990694
0.168091 1.91054 277.834 0.136311 -0.990666
0.166104 1.91021 277.606 0.13236 -0.991202
0.165473 1.9091 277.019 0.12219 -0.992507
0.165201 1.91 276.367 0.110905 -0.993831
0.169556 1.91004 274.575 0.0797715 -0.996813
0.166136 1.90788 274.476 0.0780332 -0.996951
0.166147 1.90872 273.645 0.0635709 -0.997977
0.16424 1.90829 273.228 0.056311 -0.998413
0.167206 1.90834 271.788 0.0312027 -0.999513
0.169603 1.90797 270.507 0.00884303 -0.999961
0.169814 1.90849 269.713 -0.00501512 -0.999987
0.164922 1.9074 269.909 -0.00158252 -0.999999
0.169553 1.90785 268.629 -0.0239242 -0.999714
0.166503 1.90863 269.22 -0.0136196 -0.999907
0.171603 1.90828 268.186 -0.03166 -0.999499
0.167976 1.90885 269.063 -0.0163502 -0.999866
0.169653 1.90865 268.815 -0.0206755 -0.999786
0.165916 1.90709 269.675 -0.00566477 -0.999984
0.16987 1.90784 268.953 -0.0182804 -0.999833
0.166823 1.90813 269.779 -0.0038565 -0.999993
0.167723 1.90823 269.662 -0.00590594 -0.999983
0.16781 1.90748 269.694 -0.00533246 -0.999986
0.170003 1.90868 269.337 -0.011568 -0.999933
0.171348 1.90778 269.061 -0.0163853 -0.999866
0.162772 1.90808 270.87 0.015177 -0.999885
0.161882 1.9079 271.063 0.0185533 -0.999828
0.162281 1.90819 270.976 0.0170402 -0.999855
0.162701 1.9081 270.894 0.0155974 -0.999878
0.163763 1.90837 270.67 0.0117007 -0.999932
0.166555 1.90826 270.091 0.00158137 -0.999999
0.168614 1.90828 269.654 -0.0060398 -0.999982
0.170742 1.90833 269.18 -0.0143113 -0.999898
0.167958 1.90821 269.796 -0.00356463 -0.999994
0.171841 1.90844 268.946 -0.018395 -0.999831
0.163481 1.90781 270.728 0.0127041 -0.999919
0.172582 1.90848 268.791 -0.0211068 -0.999777
0.17107 1.90864 269.111 -0.0155111 -0.99988
0.166912 1.90808 270.119 0.00208537 -0.999998
0.171361 1.91076 269.342 -0.0114858 -0.999934
0.172338 1.91149 269.322 -0.0118273 -0.99993
0.168744 1.914 270.309 0.00539562 -0.999985
0.174285 1.92055 269.44 -0.00978127 -0.999952
0.173431 1.92358 269.772 -0.00397258 -0.999992
0.168516 1.92849 271.036 0.0180763 -0.999837
0.168118 1.93333 271.296 0.0226161 -0.999744
0.16888 1.93937 271.358 0.0237055 -0.999719
0.16799 1.94993 271.875 0.0327207 -0.999465
0.182832 1.95721 268.788 -0.0211518 -0.999776
0.17021 1.96557 271.657 0.0289085 -0.999582
0.170555 1.97332 271.688 0.0294614 -0.999566
0.171799 1.98246 271.524 0.0265888 -0.999646
0.186425 1.99764 268.44 -0.0272189 -0.999629
0.170888 2.00634 271.722 0.0300534 -0.999548
0.166327 2.01781 272.666 0.0465213 -0.998917
0.163794 2.03007 273.153 0.0550063 -0.998486
0.165647 2.04035 272.73 0.0476269 -0.998865
0.1884 2.05613 267.756 -0.0391591 -0.999233
0.168016 2.06687 272.064 0.0360226 -0.999351
0.164331 2.07661 272.796 0.048776 -0.99881
0.167219 2.08942 272.15 0.037517 -0.999296
0.168542 2.10497 271.882 0.0328462 -0.99946
0.168235 2.11612 271.852 0.0323124 -0.999478
0.168617 2.12747 271.695 0.0295843 -0.999562
0.161715 2.13827 273.076 0.0536531 -0.99856
0.165198 2.14703 272.203 0.0384439 -0.999261
0.161251 2.16395 272.925 0.0510212 -0.998698
0.164147 2.17261 272.172 0.0379034 -0.999281
0.160866 2.18251 272.789 0.0486642 -0.998815
0.164956 2.19155 271.801 0.0314285 -0.999506
0.158906 2.20499 273.005 0.0524191 -0.998625
0.160476 2.21809 272.579 0.0449913 -0.998987
0.159854 2.2274 272.651 0.0462471 -0.99893
0.18717 2.23661 266.803 -0.0557709 -0.998444
0.159247 2.24656 272.725 0.0475343 -0.99887
0.159018 2.2535 272.705 0.0471923 -0.998886
0.149044 2.26115 274.799 0.0836573 -0.996495
0.160249 2.27349 272.365 0.0412698 -0.999148
0.156494 2.28681 273.244 0.0565871 -0.998398
0.155666 2.29221 273.419 0.0596338 -0.99822
0.165257 2.29815 271.438 0.025088 -0.999685
0.161069 2.30428 272.418 0.0421811 -0.99911
0.148624 2.31017 275.214 0.0908783 -0.995862
0.161164 2.31488 272.724 0.0475213 -0.99887
0.153783 2.31648 274.435 0.077321 -0.997006
0.154716 2.32074 274.462 0.0778059 -0.996969
0.155431 2.32078 274.476 0.0780402 -0.99695
0.15654 2.32267 274.417 0.0770094 -0.99703
0.159584 2.32315 273.758 0.0655384 -0.99785
0.153939 2.32168 274.979 0.0867934 -0.996226
0.161425 2.32358 273.353 0.0584914 -0.998288
0.159655 2.32323 273.695 0.064437 -0.997922
0.155283 2.32065 274.652 0.0810986 -0.996706
0.160552 2.32053 273.473 0.0605786 -0.998163
0.156087 2.31866 274.428 0.0772092 -0.997015
0.160263 2.31964 273.525 0.0614849 -0.998108
0.158735 2.31827 273.853 0.0671964 -0.99774
0.158418 2.31632 273.919 0.0683495 -0.997661
0.159906 2.31669 273.605 0.0628785 -0.998021
0.160987 2.31664 273.394 0.0591941 -0.998246
0.156596 2.31429 274.3 0.0749813 -0.997185
0.160791 2.31555 273.439 0.0599794 -0.9982
0.159634 2.31298 273.628 0.063279 -0.997996
0.162209 2.31479 273.125 0.0545093 -0.998513
0.158754 2.31306 273.83 0.0668016 -0.997766
0.164002 2.31422 272.73 0.0476214 -0.998865
0.164497 2.31436 272.628 0.0458566 -0.998948
0.164497 2.31436 272.628 0.0458566 -0.998948
0.162373 2.31429 273.089 0.0538954 -0.998547
0.160532 2.3138 273.491 0.0608955 -0.998144
0.164529 2.31394 272.617 0.0456536 -0.998957
0.164321 2.31388 272.659 0.0463909 -0.998923
0.161769 2.31382 273.199 0.0558048 -0.998442
0.163489 2.31383 272.849 0.0497029 -0.998764
0.163489 2.31364 272.824 0.0492617 -0.998786
0.160916 2.3131 273.366 0.0587136 -0.998275
0.161243 2.31452 273.345 0.0583431 -0.998297
0.163632 2.31437 272.816 0.0491257 -0.998793
0.163439 2.31458 272.856 0.0498312 -0.998758
0.158614 2.31447 273.882 0.0677031 -0.997706
0.16444 2.31437 272.639 0.0460346 -0.99894
0.161225 2.31478 273.341 0.0582737 -0.998301
0.165947 2.31481 272.319 0.0404627 -0.999181
0.158325 2.31319 273.924 0.0684259 -0.997656
0.158442 2.31338 273.894 0.0679048 -0.997692
0.16444 2.31437 272.639 0.0460346 -0.99894
0.161373 2.31504 273.293 0.0574481 -0.998348
0.159822 2.31414 273.615 0.0630591 -0.99801
0.165366 2.31464 272.44 0.0425751 -0.999093
0.15703 2.31405 274.198 0.0731993 -0.997317
0.161055 2.31474 273.366 0.0587126 -0.998275
0.163755 2.31528 272.801 0.0488696 -0.998805
0.155709 2.31404 274.491 0.0782953 -0.99693
0.162586 2.3145 273.03 0.052854 -0.998602
0.157556 2.31322 274.082 0.0711889 -0.997463
0.15567 2.31473 274.52 0.0788067 -0.99689
0.160461 2.31559 273.51 0.0612198 -0.998124
0.162094 2.31483 273.147 0.0549061 -0.998492
0.158597 2.31417 273.88 0.0676733 -0.997708
0.159277 2.31376 273.72 0.0648842 -0.997893
0.164888 2.31475 272.547 0.0444358 -0.999012
0.158665 2.31469 273.869 0.0674718 -0.997721
0.163893 2.31445 272.758 0.0481194 -0.998842
0.153419 2.31398 274.988 0.0869451 -0.996213
0.161709 2.3138 273.213 0.0560537 -0.998428
0.157137 2.31351 274.184 0.0729613 -0.997335
0.165947 2.31481 272.319 0.0404627 -0.999181
0.15491 2.31447 274.683 0.0816409 -0.996662
0.15894 2.31427 273.813 0.0664994 -0.997786
0.158965 2.31499 273.815 0.0665336 -0.997784
0.163963 2.31447 272.745 0.0478933 -0.998852
0.161744 2.31509 273.225 0.0562518 -0.998417
0.16012 2.31565 273.581 0.0624557 -0.998048
0.163183 2.3142 272.89 0.0504226 -0.998728
0.16323 2.31451 272.892 0.0504552 -0.998726
0.159261 2.31478 273.746 0.0653374 -0.997863
0.163446 2.31458 272.859 0.0498717 -0.998756
0.161013 2.31464 273.363 0.0586647 -0.998278
0.16444 2.31437 272.639 0.0460346 -0.99894
0.163118 2.31403 272.906 0.0506925 -0.998714
0.160059 2.31333 273.535 0.0616523 -0.998098
0.162888 2.31417 272.968 0.051771 -0.998659
0.164274 2.31482 272.687 0.0468741 -0.998901
0.156268 2.31493 274.386 0.0764784 -0.997071
0.161863 2.31409 273.182 0.0555055 -0.998458
0.163669 2.31441 272.796 0.0487851 -0.998809
0.159293 2.31499 273.745 0.0653186 -0.997864
0.163309 2.31697 272.931 0.0511291 -0.998692
0.157878 2.31495 274.098 0.0714588 -0.997444
0.158228 2.31235 274.144 0.072255 -0.997386
0.159513 2.3117 273.988 0.0695558 -0.997578
0.163352 2.30835 273.254 0.0567659 -0.998388
0.159294 2.30446 274.311 0.0751679 -0.997171
0.159551 2.29875 274.376 0.0763065 -0.997084
0.156933 2.28966 275.222 0.0910159 -0.995849
0.154087 2.28482 276.076 0.10584 -0.994383
0.158948 2.27979 275.231 0.0911709 -0.995835
0.166569 2.27051 273.767 0.0657007 -0.997839
0.162343 2.26129 274.919 0.08575 -0.996317
0.160597 2.24902 275.622 0.0979726 -0.995189
0.172796 2.24052 273.243 0.0565784 -0.998398
0.163666 2.22691 275.413 0.094341 -0.99554
0.169169 2.21785 274.457 0.0777114 -0.996976
0.163467 2.20109 275.926 0.103242 -0.994656
0.165647 2.1843 275.755 0.10027 -0.99496
0.16896 2.17284 275.179 0.0902668 -0.995918
0.163065 2.15762 276.603 0.114991 -0.993367
0.168302 2.14913 275.693 0.0991958 -0.995068
0.171673 2.13488 275.07 0.0883802 -0.996087
0.170592 2.11629 275.558 0.0968516 -0.995299
0.168054 2.10245 276.277 0.109333 -0.994005
0.172548 2.0892 275.532 0.0964089 -0.995342
0.171042 2.07625 275.986 0.10428 -0.994548
0.174934 2.06355 275.325 0.0927964 -0.995685
0.180324 2.04957 274.284 0.0746918 -0.997207
0.176128 2.03264 275.489 0.0956555 -0.995415
0.181047 2.01818 274.569 0.0796562 -0.996822
0.179334 2.00619 275.14 0.0895871 -0.995979
0.177402 1.99391 275.817 0.101357 -0.99485
0.181522 1.9821 275.132 0.0894454 -0.995992
0.184244 1.9661 274.894 0.0853114 -0.996354
0.187137 1.95455 274.449 0.0775799 -0.996986
0.188568 1.94551 274.343 0.0757185 -0.997129
0.185786 1.93533 275.12 0.0892386 -0.99601
0.18891 1.92653 274.614 0.0804488 -0.996759
0.189259 1.91294 274.785 0.083417 -0.996515
0.188531 1.90436 275.032 0.0877122 -0.996146
0.191953 1.89792 274.435 0.0773232 -0.997006
0.189586 1.89108 275.017 0.0874456 -0.996169
0.190053 1.88303 274.959 0.0864486 -0.996256
0.194755 1.87535 274.072 0.0710061 -0.997476
0.192392 1.86632 274.671 0.0814305 -0.996679
0.191382 1.86383 275.04 0.0878524 -0.996134
0.196528 1.85992 274.041 0.0704628 -0.997514
0.19427 1.85783 274.685 0.0816737 -0.996659
0.198703 1.85543 273.838 0.0669272 -0.997758
0.197514 1.85253 274.331 0.0755231 -0.997144
0.197761 1.85292 274.442 0.0774531 -0.996996
0.192919 1.85054 275.569 0.097047 -0.99528
0.194356 1.8514 275.308 0.0925092 -0.995712
0.195101 1.85192 275.176 0.0902127 -0.995923
0.19266 1.8512 275.663 0.0986846 -0.995119
0.191865 1.85201 275.841 0.101771 -0.994808
0.191144 1.85392 275.976 0.104109 -0.994566
0.191504 1.85403 275.912 0.102999 -0.994681
0.194934 1.85478 275.155 0.0898588 -0.995955
0.194675 1.8555 275.205 0.0907182 -0.995877
0.196915 1.85663 274.739 0.0826117 -0.996582
0.193812 1.85599 275.417 0.0944028 -0.995534
0.191865 1.85672 275.902 0.102829 -0.994699
0.193334 1.85914 275.766 0.100474 -0.99494
0.198961 1.85881 274.717 0.0822311 -0.996613
0.196108 1.85902 275.826 0.101503 -0.994835
0.195097 1.86052 276.445 0.112242 -0.993681
0.192358 1.85981 277.499 0.130507 -0.991447
0.191933 1.85998 278.058 0.140181 -0.990126
0.19702 1.86142 277.454 0.129731 -0.991549
0.192181 1.86109 279.303 0.161663 -0.986846
0.195926 1.86321 279.082 0.157851 -0.987463
0.193651 1.86046 280.082 0.175054 -0.984559
0.193742 1.86038 280.638 0.184602 -0.982813
0.193335 1.86025 281.331 0.19648 -0.980508
0.198964 1.86137 281.043 0.191553 -0.981482
0.196866 1.862 282.557 0.217405 -0.976081
0.191131 1.85994 284.493 0.250264 -0.968178
0.19672 1.86071 283.925 0.240659 -0.97061
0.196121 1.86131 284.817 0.255725 -0.96675
0.190676 1.86013 286.705 0.287439 -0.957799
0.194475 1.86204 286.921 0.291051 -0.956708
0.195806 1.86198 287.315 0.297628 -0.954682
0.19529 1.86343 288.148 0.31147 -0.950256
0.146617 1.85783 302.057 0.530763 -0.84752
0.192316 1.86318 291.189 0.361445 -0.932393
0.197251 1.86314 290.618 0.352134 -0.935949
0.195435 1.86366 291.705 0.36982 -0.929103
0.195349 1.86268 292.302 0.379496 -0.925193
0.192736 1.86311 293.86 0.404503 -0.914537
0.193967 1.86275 293.965 0.406183 -0.913792
0.190678 1.86177 294.947 0.421775 -0.906701
0.191847 1.86267 294.645 0.416996 -0.908908
0.196391 1.8638 293.356 0.396443 -0.91806
0.195412 1.86375 293.099 0.392322 -0.919828
0.193604 1.86393 293.064 0.391751 -0.920071
0.191064 1.86306 293.019 0.391043 -0.920372
0.193009 1.86179 291.768 0.370846 -0.928694
0.191133 1.86319 291.448 0.365657 -0.93075
0.194461 1.86239 288.225 0.31275 -0.949836
0.194765 1.86132 287.023 0.292754 -0.956188
0.194825 1.86097 285.95 0.274799 -0.961502
0.195523 1.86178 284.75 0.254609 -0.967044
0.193892 1.86088 283.46 0.232772 -0.972531
0.195401 1.86159 282.051 0.208781 -0.977962
0.193875 1.86121 281.306 0.196046 -0.980595
0.195818 1.86004 279.805 0.170288 -0.985394
0.192871 1.86 279.391 0.16317 -0.986598
0.190625 1.85912 278.365 0.145472 -0.989362
0.197045 1.86046 275.505 0.0959255 -0.995389
0.195293 1.86022 274.925 0.085853 -0.996308
0.192155 1.85945 274.643 0.0809525 -0.996718
0.200364 1.85974 271.947 0.0339727 -0.999423
0.196562 1.85872 271.837 0.0320572 -0.999486
0.201694 1.85978 269.431 -0.00993106 -0.999951
0.200086 1.86026 268.907 -0.0190677 -0.999818
0.200379 1.85852 267.896 -0.0367208 -0.999326
0.200303 1.8574 266.975 -0.052765 -0.998607
0.200485 1.85816 266.019 -0.0694234 -0.997587
0.198172 1.85886 265.166 -0.084271 -0.996443
0.201733 1.85966 263.514 -0.11296 -0.993599
0.199504 1.8585 263.011 -0.12167 -0.992571
0.196511 1.85826 262.676 -0.127486 -0.99184
0.203039 1.85738 260.267 -0.169053 -0.985607
0.197549 1.85774 259.983 -0.173949 -0.984755
0.202697 1.85661 257.873 -0.210083 -0.977683
0.200442 1.85748 257.371 -0.218634 -0.975807
0.200689 1.85672 256.325 -0.236409 -0.971654
0.1993 1.85633 255.598 -0.248716 -0.968577
0.200463 1.85626 254.332 -0.270064 -0.962842
0.202091 1.85598 252.451 -0.301522 -0.953459
0.204215 1.85495 250.907 -0.327107 -0.944987
0.200892 1.85533 250.586 -0.332399 -0.943139
0.201517 1.85553 249.36 -0.352499 -0.935812
0.202752 1.85652 247.994 -0.374708 -0.927143
0.20295 1.85487 246.234 -0.403009 -0.915196
0.19853 1.85723 246.116 -0.40488 -0.91437
0.203094 1.85417 243.917 -0.439672 -0.898158
0.20321 1.85553 242.818 -0.456811 -0.889564
0.203956 1.85452 241.011 -0.484642 -0.874712
0.199558 1.85676 241.048 -0.484072 -0.875028
0.202828 1.85676 239.347 -0.509831 -0.860274
0.199367 1.85838 239.583 -0.506286 -0.862366
0.202793 1.8568 238.357 -0.52462 -0.851337
0.202256 1.85679 238.493 -0.522596 -0.852581
0.199564 1.85717 239.257 -0.51119 -0.859468
0.202235 1.85725 238.734 -0.519019 -0.854763
0.200244 1.85751 239.38 -0.509349 -0.86056
0.200634 1.85702 239.525 -0.507161 -0.861851
0.201585 1.856 239.908 -0.501392 -0.86522
0.201331 1.85586 240.577 -0.491246 -0.871021
0.202343 1.85479 241.031 -0.484341 -0.874879
0.201334 1.85547 242.098 -0.467953 -0.883753
0.201856 1.85629 242.942 -0.454896 -0.890545
0.20235 1.85504 244.478 -0.430859 -0.902419
0.203569 1.85372 245.44 -0.415652 -0.909524
0.200266 1.85725 247.603 -0.381021 -0.924566
0.206375 1.85427 247.642 -0.380387 -0.924827
0.202328 1.85492 250.126 -0.339952 -0.940443
0.203406 1.85528 252.424 -0.301968 -0.953318
0.200889 1.85584 254.75 -0.263039 -0.964785
0.203024 1.8566 256.133 -0.239663 -0.970856
0.202503 1.85605 258.08 -0.206538 -0.978439
0.202271 1.85657 260.072 -0.172402 -0.985027
0.200673 1.8578 263.318 -0.116352 -0.993208
0.20383 1.85675 264.545 -0.0950704 -0.995471
0.201127 1.85774 267.125 -0.0501624 -0.998741
0.203875 1.85705 268.462 -0.0268345 -0.99964
0.210268 1.85737 269.005 -0.0173708 -0.999849
0.195013 1.8583 274.279 0.0746063 -0.997213
0.200888 1.85648 275.747 0.10013 -0.994974
0.202783 1.85751 277.181 0.125012 -0.992155
0.19954 1.8587 279.736 0.169114 -0.985596
0.197181 1.85869 282.021 0.20827 -0.978071
0.201466 1.8577 282.717 0.220128 -0.975471
0.200475 1.85925 285.438 0.266191 -0.96392
0.199893 1.85984 287.165 0.295128 -0.955458
0.191845 1.85781 292.143 0.376912 -0.926249
0.197789 1.85919 292.191 0.377697 -0.925929
0.19982 1.86008 293.948 0.405909 -0.913914
0.200073 1.86095 295.339 0.427977 -0.90379
0.196868 1.85936 297.456 0.461074 -0.887361
0.199522 1.8612 298.053 0.470281 -0.882517
0.200091 1.86312 299.306 0.489467 -0.872022
0.199269 1.86212 299.993 0.499894 -0.866086
0.199924 1.86314 299.985 0.499774 -0.866156
0.19521 1.86152 301.129 0.516964 -0.856007
0.199581 1.86331 299.655 0.494784 -0.869016
0.195071 1.86056 300.353 0.505328 -0.862927
0.196582 1.86138 299.385 0.490673 -0.871344
0.198322 1.86134 298.182 0.472276 -0.881451
0.196717 1.8611 297.148 0.456296 -0.889828
0.196159 1.86073 296.117 0.440213 -0.897893
0.197622 1.86022 294.405 0.413178 -0.91065
0.196268 1.8608 293.365 0.396593 -0.917995
0.195129 1.85919 292.041 0.37527 -0.926916
0.194007 1.8585 288.047 0.309789 -0.950805
0.196566 1.85814 285.59 0.268744 -0.963212
0.195268 1.85821 284.067 0.243055 -0.970012
0.195136 1.8581 281.263 0.195308 -0.980742
0.192772 1.85732 279.872 0.171451 -0.985193
0.193733 1.85692 277.688 0.133778 -0.991011
0.199724 1.85801 274.497 0.0784033 -0.996922
0.195618 1.85689 273.474 0.0605973 -0.998162
0.201106 1.85694 270.327 0.00571105 -0.999984
0.20059 1.85744 267.58 -0.0422253 -0.999108
0.200433 1.85582 265.625 -0.0762918 -0.997086
0.199749 1.85582 263.842 -0.107279 -0.994229
0.201984 1.85553 261.39 -0.1497 -0.988731
0.197282 1.85391 259.459 -0.182933 -0.983125
0.199246 1.85359 257.062 -0.223897 -0.974613
0.201247 1.85326 254.745 -0.263121 -0.964763
0.200326 1.85377 253.032 -0.291836 -0.956468
0.201667 1.85224 250.81 -0.328701 -0.944434
0.201691 1.85212 247.989 -0.374784 -0.927112
0.203352 1.8516 245.761 -0.410545 -0.91184
0.204348 1.85242 243.727 -0.44265 -0.896695
0.205876 1.85091 241.548 -0.476416 -0.87922
0.20608 1.85161 239.764 -0.503565 -0.863958
0.231172 1.84285 230.537 -0.635573 -0.77204
0.206333 1.85144 235.48 -0.566691 -0.823931
0.206419 1.85278 233.909 -0.589064 -0.808086
0.20741 1.8506 232.067 -0.614734 -0.788734
0.207177 1.85088 230.713 -0.633205 -0.773984
0.204205 1.84977 230.374 -0.63777 -0.770227
0.19957 1.84749 232.152 -0.613568 -0.789642
0.205055 1.84594 228.021 -0.668864 -0.743385
0.205381 1.8453 227.398 -0.676899 -0.736076
0.206323 1.84308 226.77 -0.684923 -0.728615
0.207318 1.84142 226.558 -0.687618 -0.726073
0.209043 1.84056 226.119 -0.693162 -0.720782
0.208598 1.84085 226.726 -0.685493 -0.728079
0.20934 1.83988 46.8524 0.68388 0.729595
0.210177 1.84062 227.157 -0.679991 -0.73322
0.209739 1.84134 228.754 -0.65929 -0.751889
0.209325 1.84187 230.038 -0.642275 -0.766475
0.209572 1.84254 231.135 -0.627487 -0.778627
0.208393 1.84249 233.084 -0.600639 -0.79952
0.216766 1.84151 230.591 -0.634848 -0.772637
0.217121 1.84294 231.871 -0.617434 -0.786623
0.216357 1.84282 233.662 -0.592552 -0.805532
0.219202 1.84241 234.576 -0.579625 -0.814883
0.236558 1.83713 231.759 -0.618965 -0.785418
0.21382 1.84467 240.617 -0.49064 -0.871363
0.216566 1.84303 242.019 -0.469172 -0.883107
0.215078 1.84291 244.462 -0.431111 -0.902299
0.21863 1.84129 245.801 -0.409899 -0.912131
0.214089 1.84332 250.207 -0.338617 -0.940924
0.215826 1.84318 252.03 -0.308523 -0.951217
0.212229 1.84409 255.036 -0.258217 -0.966087
0.214286 1.84401 256.78 -0.228696 -0.973498
0.211498 1.84382 259.55 -0.181379 -0.983413
0.216544 1.84538 261.79 -0.142805 -0.989751
0.21566 1.84439 264.098 -0.102827 -0.994699
0.215467 1.84398 266.237 -0.065638 -0.997844
0.215243 1.84561 268.494 -0.0262745 -0.999655
0.221262 1.84534 269.279 -0.0125814 -0.999921
0.214006 1.84617 273.929 0.0685136 -0.99765
0.213275 1.84631 276.158 0.107275 -0.994229
0.213101 1.84552 278.156 0.141861 -0.989887
0.214165 1.84589 279.885 0.171669 -0.985155
0.212775 1.84613 283.072 0.226173 -0.974087
0.213237 1.84665 284.821 0.255807 -0.966728
0.214328 1.84697 286.385 0.282094 -0.959387
0.209881 1.84762 290.794 0.35501 -0.934862
0.21108 1.84732 292.803 0.387567 -0.921841
0.21303 1.8485 293.778 0.403192 -0.915116
0.212435 1.84808 295.265 0.426808 -0.904342
0.213896 1.85007 296.164 0.440938 -0.897537
0.211721 1.85012 297.872 0.467498 -0.883994
0.212583 1.85007 298.746 0.480921 -0.876764
0.211949 1.84973 299.371 0.490456 -0.871466
0.208382 1.85004 300.571 0.508611 -0.860996
0.209194 1.85022 300.361 0.505441 -0.862861
0.210604 1.85083 299.873 0.498086 -0.867128
0.211585 1.85014 299.483 0.492167 -0.870501
0.208722 1.85004 300.039 0.500595 -0.865682
0.209678 1.85097 299.485 0.492201 -0.870482
0.208513 1.84916 298.842 0.482391 -0.875956
0.209468 1.84915 297.839 0.466989 -0.884263
0.208624 1.84913 297.167 0.456584 -0.88968
0.208853 1.84919 296.109 0.440087 -0.897955
0.210371 1.84947 294.037 0.407327 -0.913282
0.208189 1.84813 293.219 0.394252 -0.919002
0.205914 1.84874 292.412 0.381266 -0.924465
0.203668 1.84919 291.55 0.367312 -0.930098
0.213342 1.84885 286.869 0.290177 -0.956973
0.212256 1.84853 285.493 0.267121 -0.963663
0.208971 1.84719 284.552 0.251264 -0.967919
0.21125 1.84665 282.254 0.212251 -0.977215
0.214772 1.84681 278.85 0.153843 -0.988095
0.209769 1.84632 277.203 0.125392 -0.992107
0.209946 1.84602 275.31 0.0925521 -0.995708
0.213775 1.84558 272.594 0.0452506 -0.998976
0.213568 1.84674 270.804 0.0140299 -0.999902
0.213483 1.8456 268.896 -0.019271 -0.999814
0.213034 1.84516 266.167 -0.0668514 -0.997763
0.214344 1.84444 263.96 -0.105227 -0.994448
0.217197 1.84482 261.451 -0.148655 -0.988889
0.21576 1.84418 259.861 -0.176033 -0.984384
0.216074 1.8426 256.904 -0.226576 -0.973994
0.215305 1.84281 255.236 -0.254831 -0.966986
0.214973 1.84234 253.489 -0.284196 -0.958766
0.210237 1.84337 252.802 -0.295668 -0.955291
0.215706 1.84238 249.156 -0.355825 -0.934553
0.217303 1.8416 247.35 -0.385094 -0.922877
0.21534 1.84135 246.586 -0.397373 -0.917657
0.213198 1.84272 246.115 -0.404895 -0.914363
0.220266 1.84081 243.454 -0.446909 -0.894579
0.218259 1.84095 243.598 -0.444672 -0.895693
0.214519 1.84235 244.401 -0.432077 -0.901837
0.215032 1.84196 244.273 -0.43409 -0.900869
0.213325 1.84204 244.806 -0.42568 -0.904874
0.217192 1.84157 244 -0.438374 -0.898793
0.218617 1.83957 243.682 -0.443347 -0.89635
0.214666 1.84103 244.682 -0.427643 -0.903948
0.214685 1.84084 244.701 -0.427336 -0.904093
0.216065 1.84007 244.418 -0.431806 -0.901967
0.213181 1.84093 245.225 -0.41905 -0.907963
0.21307 1.84162 245.498 -0.414726 -0.909946
0.214047 1.84243 245.569 -0.413602 -0.910458
0.217248 1.84595 245.399 -0.416295 -0.90923
0.218018 1.84767 245.673 -0.411939 -0.911211
0.221208 1.85162 245.512 -0.414504 -0.910047
0.220901 1.8566 246.209 -0.403406 -0.915021
0.226285 1.86291 246.027 -0.406311 -0.913735
0.229983 1.86605 245.92 -0.408015 -0.912975
0.230259 1.87423 246.746 -0.394816 -0.91876
0.234771 1.88024 246.607 -0.397028 -0.917806
0.243725 1.88957 246.027 -0.406309 -0.913736
0.243871 1.89847 247.053 -0.389876 -0.920867
0.249362 1.91182 247.527 -0.382248 -0.92406
0.254537 1.92687 248.201 -0.371348 -0.928494
0.262787 1.9373 247.61 -0.380902 -0.924616
0.262898 1.94953 248.909 -0.359855 -0.933008
0.27064 1.9604 248.538 -0.365882 -0.930661
0.273767 1.97414 249.328 -0.35301 -0.935619
0.285234 1.99217 248.932 -0.359482 -0.933152
0.292451 2.00414 248.841 -0.36096 -0.932581
0.295768 2.01981 249.678 -0.347297 -0.937755
0.302636 2.03459 249.717 -0.346656 -0.937992
0.308363 2.05901 250.721 -0.330175 -0.94392
0.316676 2.07437 250.306 -0.33699 -0.941508
0.324288 2.08818 249.915 -0.343419 -0.939182
0.331924 2.10569 249.573 -0.349011 -0.937119
0.338717 2.12205 249.342 -0.352794 -0.935701
0.342025 2.14647 250.337 -0.33649 -0.941687
0.346836 2.16007 250.309 -0.336953 -0.941522
0.358619 2.17278 248.714 -0.363023 -0.93178
0.356772 2.18728 250.124 -0.339983 -0.940431
0.362445 2.1985 249.741 -0.346258 -0.938139
0.370406 2.21163 248.958 -0.359059 -0.933315
0.372439 2.2277 249.738 -0.34631 -0.93812
0.374934 2.24028 250.01 -0.341857 -0.939752
0.381793 2.24691 249.152 -0.355885 -0.93453
0.38549 2.25798 249.098 -0.356764 -0.934195
0.389363 2.27055 249.182 -0.355403 -0.934713
0.394172 2.27761 248.669 -0.363757 -0.931494
0.400716 2.28277 247.725 -0.379049 -0.925376
0.402515 2.29012 247.829 -0.377374 -0.926061
0.405015 2.29606 247.744 -0.378744 -0.925501
0.407001 2.30317 247.833 -0.3773 -0.926091
0.412366 2.30729 246.988 -0.39092 -0.920425
0.411336 2.30978 247.411 -0.384111 -0.923287
0.411796 2.31065 247.504 -0.382621 -0.923906
0.412265 2.31665 247.749 -0.37866 -0.925536
0.416171 2.31358 246.837 -0.393348 -0.91939
0.41319 2.31525 247.574 -0.381497 -0.92437
0.416016 2.31477 246.966 -0.391282 -0.920271
0.4122 2.3132 247.74 -0.378809 -0.925475
0.422351 2.30781 245.255 -0.418582 -0.908179
0.418569 2.30593 245.943 -0.407647 -0.91314
0.417535 2.30253 245.912 -0.408135 -0.912922
0.422007 2.29307 244.366 -0.432615 -0.901579
0.415034 2.29184 245.612 -0.412914 -0.91077
0.407828 2.28954 246.896 -0.392395 -0.919797
0.4143 2.27689 244.771 -0.426232 -0.904614
0.407623 2.26658 245.396 -0.416338 -0.90921
0.406332 2.2619 245.132 -0.420532 -0.907278
0.407755 2.24989 244.006 -0.438282 -0.898838
0.405232 2.24108 243.79 -0.441658 -0.897183
0.405798 2.22954 242.785 -0.457329 -0.889297
0.399677 2.21779 243.162 -0.451477 -0.892283
0.396898 2.20584 242.801 -0.457088 -0.889422
0.394445 2.19599 242.327 -0.46443 -0.88561
0.384772 2.18309 243.335 -0.448772 -0.893647
0.383105 2.16988 242.502 -0.461712 -0.88703
0.379626 2.15624 242.003 -0.469429 -0.88297
0.373345 2.13416 241.396 -0.478758 -0.877947
0.367093 2.11939 241.408 -0.478575 -0.878047
0.364331 2.10035 240.424 -0.493583 -0.869699
0.357797 2.0852 240.423 -0.4936 -0.869689
0.352303 2.06966 240.142 -0.497857 -0.867259
0.34738 2.05089 239.566 -0.506552 -0.862209
0.338041 2.03545 240.097 -0.498527 -0.866874
0.330539 2.01838 240.128 -0.498071 -0.867137
0.321923 2.00202 240.395 -0.494015 -0.869453
0.313204 1.98375 240.64 -0.490301 -0.871553
0.305336 1.96446 240.647 -0.490196 -0.871612
0.30103 1.94729 239.814 -0.502813 -0.864395
0.283845 1.91914 240.94 -0.485723 -0.874113
0.277294 1.89839 240.435 -0.493405 -0.8698
0.267143 1.88011 240.743 -0.488721 -0.87244
0.258353 1.86033 240.748 -0.48865 -0.87248
0.249094 1.84099 240.818 -0.487591 -0.873072
0.241621 1.82382 240.558 -0.491546 -0.870851
0.23069 1.80711 241.201 -0.481743 -0.876313
0.224574 1.78873 240.683 -0.489643 -0.871923
0.215814 1.77353 240.936 -0.485787 -0.874077
0.208634 1.75873 240.872 -0.486762 -0.873535
0.200865 1.74436 241.014 -0.484591 -0.874741
0.193749 1.7295 241.056 -0.483954 -0.875093
0.187462 1.7147 240.967 -0.485313 -0.87434
0.176994 1.696 241.273 -0.480639 -0.876918
0.172886 1.6833 240.873 -0.486743 -0.873545
0.165027 1.67127 241.401 -0.478676 -0.877991
0.16165 1.65875 240.955 -0.485501 -0.874236
0.157123 1.64768 240.866 -0.486857 -0.873482
0.152846 1.63712 240.737 -0.488817 -0.872386
0.148265 1.62813 240.805 -0.487781 -0.872966
0.142771 1.61904 241.125 -0.482903 -0.875674
0.139633 1.61 240.951 -0.485553 -0.874207
0.138564 1.60071 240.339 -0.494862 -0.868971
0.13175 1.59442 241.191 -0.481896 -0.876229
0.129593 1.58618 241.035 -0.484277 -0.874915
0.127535 1.57532 240.63 -0.490441 -0.871475
0.123985 1.57003 241.013 -0.484608 -0.874732
0.121095 1.56266 241.207 -0.481651 -0.876363
0.118519 1.5591 241.68 -0.474396 -0.880312
0.117322 1.55352 241.978 -0.469807 -0.882769
0.115849 1.55 242.497 -0.461791 -0.886989
0.114366 1.54595 243.226 -0.450472 -0.89279
0.110211 1.5435 244.707 -0.427251 -0.904133
0.108725 1.53856 246.212 -0.403357 -0.915043
0.107514 1.53665 247.428 -0.383845 -0.923397
0.10688 1.53347 248.649 -0.364084 -0.931366
0.105 1.53171 250.249 -0.337937 -0.941169
0.105004 1.52998 251.49 -0.317468 -0.948269
0.104007 1.52873 253.7 -0.280666 -0.959805
0.101991 1.52819 255.541 -0.249685 -0.968327
0.102051 1.52724 256.896 -0.226715 -0.973961
0.101159 1.52793 258.473 -0.199827 -0.979831
0.100044 1.52695 260.767 -0.160456 -0.987043
0.0975354 1.52793 262.595 -0.128874 -0.991661
0.0990751 1.52805 263.45 -0.114068 -0.993473
0.0980109 1.52784 264.812 -0.0904228 -0.995903
0.097487 1.52785 265.849 -0.0723868 -0.997377
0.0979283 1.53 266.901 -0.0540698 -0.998537
0.0976839 1.53121 267.34 -0.0464077 -0.998923
0.0973819 1.5315 267.561 -0.0425488 -0.999094
0.095107 1.53208 268.03 -0.0343699 -0.999409
0.0963663 1.53196 267.604 -0.0417989 -0.999126
0.0982215 1.53198 267.086 -0.0508333 -0.998707
0.0930127 1.53309 268.119 -0.0328168 -0.999461
0.0982135 1.53238 266.875 -0.0545093 -0.998513
0.0981685 1.53314 266.76 -0.056512 -0.998402
0.0925356 1.53372 267.903 -0.0365886 -0.99933
0.0947597 1.53347 267.281 -0.0474377 -0.998874
0.0929588 1.5341 267.498 -0.0436456 -0.999047
0.0964422 1.532 266.258 -0.0652623 -0.997868
0.0970877 1.5318 265.743 -0.0742244 -0.997242
0.0964684 1.53224 265.456 -0.0792183 -0.996857
0.0970301 1.53173 264.79 -0.0908082 -0.995868
0.0976055 1.53168 264.08 -0.103137 -0.994667
0.097257 1.53217 263.191 -0.118568 -0.992946
0.0964134 1.53209 262.689 -0.127262 -0.991869
0.0974134 1.53076 261.717 -0.144057 -0.989569
0.0983348 1.53072 260.756 -0.160635 -0.987014
0.0970833 1.53095 260.227 -0.16974 -0.985489
0.0974185 1.53134 258.918 -0.192216 -0.981353
0.0970112 1.53114 258.165 -0.205102 -0.978741
0.0954633 1.53126 257.628 -0.214256 -0.976778
0.0979817 1.52986 256.177 -0.238928 -0.971037
0.0965192 1.53093 255.125 -0.25671 -0.966488
0.100085 1.5299 253.397 -0.285747 -0.958305
0.0993409 1.52974 252.606 -0.29894 -0.954272
0.0996695 1.5296 251.549 -0.316496 -0.948594
0.0987776 1.52975 250.783 -0.329151 -0.944277
0.0978867 1.53056 249.54 -0.349551 -0.936917
0.0982383 1.53019 248.499 -0.366511 -0.930414
0.100011 1.53015 247.156 -0.388226 -0.921564
0.0999618 1.52971 246.221 -0.403209 -0.915108
0.102059 1.52946 244.785 -0.426015 -0.904716
0.100376 1.53007 243.736 -0.442501 -0.896768
0.102132 1.52837 242.348 -0.464095 -0.885785
0.117236 1.52525 237.525 -0.536928 -0.843628
0.102621 1.52885 240.248 -0.496245 -0.868183
0.102928 1.52829 238.673 -0.519928 -0.85421
0.10371 1.5277 237.48 -0.537593 -0.843205
0.104499 1.52781 236.264 -0.555365 -0.831606
0.105284 1.52736 235.036 -0.57306 -0.819513
0.105043 1.5276 234.072 -0.586762 -0.80976
0.0988673 1.52629 234.025 -0.587427 -0.809277
0.0982123 1.52615 233.456 -0.595439 -0.803401
0.100114 1.52686 231.233 -0.626156 -0.779698
0.0997525 1.52629 230.335 -0.638301 -0.769787
0.10052 1.5259 228.681 -0.660255 -0.751041
0.0994609 1.52644 227.644 -0.67374 -0.738969
0.100982 1.52619 225.593 -0.699748 -0.71439
0.101351 1.52568 224.126 -0.71781 -0.696239
0.100171 1.52612 43.4775 0.725645 0.688069
0.100225 1.52497 222.029 -0.742807 -0.669506
0.100094 1.52501 220.06 -0.765371 -0.643589
0.0999427 1.5249 218.756 -0.779814 -0.626011
0.100988 1.52519 216.876 -0.799931 -0.600092
0.0990343 1.52436 216.169 -0.807285 -0.590162
0.0993994 1.52466 214.547 -0.823665 -0.567077
0.0998086 1.52417 212.122 -0.846918 -0.531724
0.0984775 1.52475 211.09 -0.85636 -0.516379
0.099332 1.52457 209.208 -0.872855 -0.48798
0.0995817 1.52574 207.621 -0.88603 -0.463628
0.0982308 1.52342 205.705 -0.901041 -0.433735
0.0998191 1.52378 203.537 -0.916799 -0.399348
0.0976007 1.52347 202.773 -0.922043 -0.387089
0.0974769 1.52403 201.225 -0.932164 -0.362037
0.0997789 1.52402 198.861 -0.946304 -0.323277
0.0993282 1.5247 196.665 -0.957996 -0.286782
0.0988829 1.52407 195.267 -0.964709 -0.263318
0.0982125 1.52383 193.855 -0.970906 -0.23946
0.0999243 1.52459 191.761 -0.979006 -0.203833
0.0997811 1.5241 189.392 -0.986596 -0.163182
0.0969937 1.52407 188.636 -0.988663 -0.150149
0.0983763 1.52374 186.526 -0.993521 -0.113646
0.0986309 1.52361 184.756 -0.996556 -0.0829211
0.0993748 1.52389 182.867 -0.998748 -0.0500147
0.0985022 1.52338 181.366 -0.999716 -0.0238471
0.100343 1.52492 178.222 -0.999518 0.0310292
0.100721 1.52387 176.346 -0.997967 0.0637328
0.099596 1.52483 174.979 -0.996163 0.0875179
0.101136 1.52375 172.674 -0.991837 0.127516
0.100545 1.52425 168.375 -0.979488 0.201503
0.100165 1.52327 165.776 -0.969342 0.245714
0.1019 1.52345 163.391 -0.958279 0.285834
0.102188 1.5223 161.471 -0.948165 0.317778
0.101562 1.5227 159.832 -0.938687 0.344771
0.103022 1.52201 156.599 -0.917745 0.397169
0.102547 1.52182 154.918 -0.905698 0.423923
0.103674 1.52152 152.683 -0.888481 0.458914
0.103021 1.52146 151.063 -0.875156 0.483841
0.10443 1.52035 148.711 -0.854556 0.51936
0.102386 1.52106 146.683 -0.835643 0.549273
0.102436 1.52107 144.867 -0.817814 0.575483
0.103859 1.52074 142.496 -0.793308 0.608821
0.104898 1.53679 138.585 -0.749936 0.66151
0.100384 1.5346 138.493 -0.748878 0.662707
0.100721 1.53367 135.558 -0.713962 0.700185
0.0996259 1.53264 134.001 -0.694673 0.719326
0.100794 1.53368 131.876 -0.667516 0.744595
0.100522 1.53271 130.064 -0.643649 0.765321
0.0985791 1.53238 128.87 -0.627561 0.778568
0.0959487 1.53075 127.759 -0.612337 0.790597
0.0971456 1.53119 124.64 -0.568412 0.822744
0.0973494 1.5297 122.67 -0.539797 0.841795
0.0959051 1.52939 121.241 -0.518642 0.854992
0.0965667 1.53012 119.224 -0.488229 0.872716
0.0953465 1.52889 117.641 -0.463935 0.885869
0.0953676 1.52885 114.839 -0.420076 0.907489
0.0605922 1.52301 121.94 -0.529033 0.848601
0.0954335 1.52878 111.071 -0.359531 0.933133
0.0967855 1.5291 108.881 -0.323597 0.946195
0.0955863 1.52902 106.392 -0.282211 0.959352
0.0941572 1.52822 104.848 -0.256261 0.966608
0.0949551 1.52855 102.834 -0.222124 0.975018
0.0928247 1.52859 101.416 -0.197939 0.980214
0.095618 1.52821 98.9697 -0.155913 0.987771
0.0938139 1.52929 96.5544 -0.114146 0.993464
0.0951257 1.52838 94.4116 -0.0769211 0.997037
0.0974858 1.52953 92.0495 -0.0357629 0.99936
0.101635 1.52916 89.2899 0.0123931 0.999923
0.095575 1.52943 88.7407 0.0219765 0.999758
0.0962693 1.52932 86.7405 0.0568586 0.998382
0.0955073 1.52953 84.1465 0.101985 0.994786
0.0951848 1.53018 82.3963 0.132321 0.991207
0.0965565 1.53038 80.267 0.169056 0.985606
0.097072 1.53051 77.4561 0.217188 0.97613
0.097699 1.53025 75.5235 0.249984 0.96825
0.0985042 1.53059 72.6774 0.297751 0.954643
0.0997657 1.53023 70.6448 0.331423 0.943482
0.0986807 1.53046 69.146 0.355987 0.934491
0.0999271 1.52979 67.1053 0.38904 0.921221
0.100137 1.53008 64.4837 0.430768 0.902463
0.100996 1.53014 62.5445 0.46106 0.887369
0.1002 1.5314 60.2146 0.496753 0.867892
0.102144 1.53068 58.0284 0.529498 0.848311
0.103689 1.53031 55.9561 0.559828 0.828609
0.104576 1.53017 53.9821 0.588038 0.808833
0.10553 1.52955 51.1228 0.627654 0.778493
0.103431 1.53033 49.9943 0.642864 0.76598
0.104201 1.53097 48.059 0.668365 0.743833
0.104583 1.5303 46.1509 0.692762 0.721167
0.107917 1.52732 42.4837 0.737469 0.675381
0.105439 1.53006 41.4674 0.749333 0.662194
0.106562 1.5288 39.3416 0.77338 0.633943
0.106986 1.52906 37.4221 0.79418 0.607682
0.105605 1.53098 36.1454 0.807523 0.589836
0.106425 1.52944 33.2153 0.836618 0.547787
0.106614 1.53015 31.2582 0.854838 0.518895
0.0974425 1.5157 28.2176 0.881158 0.472822
0.0969759 1.51633 26.6359 0.893873 0.44832
0.0958515 1.51539 24.3254 0.911221 0.411918
0.0941767 1.51436 23.0968 0.919843 0.392287
0.0964061 1.51509 20.5582 0.936316 0.351158
0.0938415 1.51431 19.6355 0.941849 0.336035
0.0951553 1.51449 17.4264 0.954103 0.29948
0.0964247 1.51551 14.4403 0.968408 0.249371
0.0947303 1.51516 13.1776 0.973668 0.22797
0.0952208 1.51494 11.2829 0.980673 0.195653
0.0957533 1.51425 9.37351 0.986648 0.16287
0.0971097 1.5156 7.22486 0.99206 0.125764
0.0969952 1.51551 1.27041 0.999754 0.0221711
0.0969294 1.51462 359.567 0.999971 -0.00755437
0.0959453 1.51439 357.358 0.998937 -0.0460948
0.0980848 1.51536 355.051 0.996273 -0.0862608
0.0986533 1.51655 353.305 0.993181 -0.116579
0.0991313 1.51558 351.516 0.989057 -0.147537
0.10045 1.5155 347.141 0.97492 -0.222557
0.100227 1.51605 344.804 0.965035 -0.262122
0.0984486 1.51671 343.766 0.960127 -0.279563
0.10085 1.51709 341.414 0.947846 -0.31873
0.101695 1.51676 339.534 0.936882 -0.349647
0.0991161 1.51809 337.951 0.926866 -0.375392
0.10249 1.51768 335.23 0.907998 -0.418974
0.10269 1.5174 333.492 0.894871 -0.446324
0.100823 1.51864 332.553 0.887437 -0.460929
0.102156 1.51802 330.45 0.869925 -0.493184
0.101493 1.5198 329.084 0.857924 -0.513776
0.102637 1.51788 326.298 0.831933 -0.554876
0.103366 1.51898 324.392 0.813019 -0.582237
0.103135 1.51889 322.914 0.797727 -0.603019
0.103345 1.51959 321.272 0.780125 -0.625623
0.102972 1.52005 319.882 0.764717 -0.644366
0.104109 1.51998 317.096 0.732497 -0.68077
0.105425 1.52036 314.976 0.706806 -0.707407
0.104245 1.52037 313.969 0.694273 -0.719712
0.105553 1.52005 311.846 0.667136 -0.744936
0.105418 1.51941 309.698 0.638747 -0.769417
0.105836 1.52021 307.995 0.615598 -0.78806
0.104653 1.52178 307.169 0.604168 -0.796857
0.106319 1.51984 304.861 0.571589 -0.82054
0.107004 1.51967 302.99 0.544487 -0.838769
0.107621 1.51841 300.478 0.507211 -0.861822
0.10438 1.53786 298.17 0.472096 -0.881547
0.104165 1.53706 296.658 0.448661 -0.893702
0.104852 1.53696 294.908 0.421156 -0.906988
0.102957 1.53512 293.019 0.391034 -0.920376
0.104378 1.53571 289.54 0.334472 -0.942406
0.104278 1.53464 287.99 0.308855 -0.951109
0.102875 1.53462 286.744 0.28809 -0.957603
0.103396 1.53424 284.302 0.247034 -0.969007
0.102189 1.53439 282.984 0.224674 -0.974434
0.103404 1.53405 281.178 0.193857 -0.98103
0.103002 1.53328 279.661 0.167811 -0.985819
0.100711 1.53334 278.549 0.148661 -0.988888
0.103876 1.53317 276.245 0.108772 -0.994067
0.105268 1.53277 273.498 0.061018 -0.998137
0.101861 1.53262 272.601 0.0453753 -0.99897
0.104046 1.53308 270.463 0.0080747 -0.999967
0.104233 1.53381 268.777 -0.0213445 -0.999772
0.103732 1.5337 267.209 -0.0486869 -0.998814
0.104761 1.5337 264.452 -0.0966834 -0.995315
0.106072 1.53296 262.457 -0.131277 -0.991346
0.104604 1.5327 261.033 -0.155858 -0.98778
0.107581 1.5325 258.692 -0.196077 -0.980589
0.106758 1.53221 257.141 -0.222557 -0.97492
0.107365 1.53287 254.454 -0.268009 -0.963416
0.107466 1.53228 252.719 -0.297058 -0.95486
0.105978 1.53309 251.351 -0.319766 -0.947496
0.109544 1.53192 248.838 -0.361005 -0.932564
0.109679 1.53213 246.234 -0.402999 -0.915201
0.110594 1.53148 244.28 -0.433974 -0.900925
0.111093 1.53102 242.455 -0.462445 -0.886648
0.117481 1.5294 239.146 -0.51285 -0.858478
0.11164 1.53 238.874 -0.516916 -0.856036
0.112319 1.53013 236.125 -0.557377 -0.830259
0.11345 1.52984 234.059 -0.586958 -0.809618
0.108217 1.5292 233.59 -0.593565 -0.804786
0.109251 1.52864 231.206 -0.626523 -0.779403
0.108584 1.52748 228.893 -0.657463 -0.753487
0.108294 1.52786 227.274 -0.678496 -0.734604
0.109361 1.52815 224.979 -0.707371 -0.706843
0.108145 1.52644 223.631 -0.723799 -0.690011
0.10864 1.52679 221.667 -0.747023 -0.664798
0.108721 1.52687 218.858 -0.778704 -0.627391
0.107355 1.52642 217.678 -0.791458 -0.611224
0.106209 1.52494 216.191 -0.807056 -0.590475
0.106579 1.5262 214.335 -0.825752 -0.564034
0.107401 1.52613 212.165 -0.846519 -0.532359
0.105431 1.52549 211.082 -0.85643 -0.516263
0.105639 1.52539 209.16 -0.873266 -0.487244
0.105467 1.52357 207.333 -0.888355 -0.459157
0.105959 1.5246 204.448 -0.910335 -0.413872
0.105076 1.52355 202.957 -0.920797 -0.390042
0.104886 1.52485 201.25 -0.932005 -0.362445
0.104896 1.5243 199.455 -0.942902 -0.333071
0.103804 1.52496 198.097 -0.950532 -0.310626
0.102918 1.52394 196.591 -0.958369 -0.285533
0.104027 1.52347 194.477 -0.968246 -0.249999
0.105492 1.52493 192.267 -0.977167 -0.212471
0.106286 1.52344 190.267 -0.983989 -0.178229
0.106487 1.52305 188.442 -0.989165 -0.146811
0.105605 1.52318 187.033 -0.992476 -0.122436
0.106049 1.52393 185.171 -0.995929 -0.0901372
0.10433 1.52403 183.956 -0.997617 -0.0689914
0.106158 1.52348 181.66 -0.999581 -0.0289616
0.106626 1.5242 178.961 -0.999835 0.0181393
0.105693 1.52343 177.514 -0.999059 0.0433721
0.107697 1.52338 175.186 -0.996472 0.0839292
0.106132 1.52248 173.948 -0.994427 0.105426
0.106896 1.52256 167.78 -0.977343 0.211661
0.10681 1.52316 166.159 -0.970965 0.239221
0.107008 1.52249 164.402 -0.963173 0.268883
0.107408 1.52261 162.551 -0.953982 0.299865
0.107496 1.52171 160.815 -0.944462 0.328621
0.1071 1.52211 159.21 -0.934887 0.354946
0.107003 1.52089 157.524 -0.92404 0.382295
0.107608 1.51937 155.626 -0.910872 0.412688
0.107697 1.52129 153.851 -0.897653 0.440703
0.106775 1.52011 152.447 -0.886584 0.462567
0.109295 1.52116 149.852 -0.864732 0.502233
0.108716 1.52034 148.285 -0.850675 0.525692
0.108965 1.51989 146.507 -0.833953 0.551835
0.109809 1.51956 143.5 -0.803855 0.594825
0.108979 1.51927 142.059 -0.788643 0.614852
0.106441 1.53425 139.539 -0.760848 0.64893
0.105161 1.53378 138.212 -0.745613 0.666379
0.104381 1.53298 136.638 -0.727035 0.6866
0.104645 1.53249 134.626 -0.702476 0.711707
0.104936 1.53298 132.713 -0.678322 0.734765
0.105444 1.53201 130.554 -0.65017 0.759788
0.102796 1.532 129.576 -0.637102 0.770779
0.104246 1.53192 127.164 -0.604101 0.796908
0.101232 1.52993 126.061 -0.588651 0.808387
0.101804 1.53001 123.971 -0.558772 0.829322
0.101246 1.52988 122.142 -0.532016 0.846734
0.100181 1.52898 120.455 -0.506856 0.862031
0.0999956 1.53002 118.558 -0.478046 0.878335
0.0979512 1.52791 117.032 -0.454485 0.890754
0.100271 1.53025 114.544 -0.415395 0.909641
0.0970092 1.52882 112.266 -0.378912 0.925433
0.0969867 1.52748 110.244 -0.346016 0.938229
0.0968242 1.52777 108.264 -0.313396 0.949623
0.0946332 1.52708 106.784 -0.288761 0.957401
0.0953801 1.52812 104.593 -0.251946 0.967741
0.0955572 1.5273 102.559 -0.217448 0.976072
0.0935633 1.52771 101.035 -0.191402 0.981512
0.0951791 1.52757 98.7097 -0.151428 0.988468
0.0951199 1.52866 96.7541 -0.117609 0.99306
0.0951885 1.52909 94.8026 -0.0837227 0.996489
0.0967779 1.52879 92.4843 -0.0433456 0.99906
0.102955 1.52806 89.2137 0.0137228 0.999906
0.0964341 1.52883 88.6957 0.0227629 0.999741
0.0962397 1.52772 86.7729 0.056294 0.998414
0.0964526 1.52874 84.8304 0.090105 0.995932
0.0948365 1.5292 83.2768 0.117072 0.993123
0.0950934 1.53029 80.4392 0.166094 0.98611
0.0983955 1.52908 77.8218 0.210954 0.977496
0.0977916 1.52955 76.0664 0.240797 0.970576
0.0991701 1.52946 73.9051 0.277229 0.960804
0.0995593 1.52884 71.9308 0.310165 0.950683
0.0997682 1.52994 69.9865 0.342242 0.939612
0.100709 1.52886 67.8841 0.376482 0.926424
0.102701 1.52938 65.5176 0.414413 0.910089
0.10232 1.5284 63.7551 0.442209 0.896912
0.103173 1.52851 59.9199 0.501211 0.865325
0.105231 1.5281 57.7237 0.534003 0.845482
0.105652 1.52844 56.2073 0.55619 0.831055
0.104977 1.52957 55.1538 0.571375 0.820689
0.105868 1.52944 53.884 0.589422 0.807825
0.108121 1.52978 52.4475 0.609488 0.792796
0.109376 1.53255 51.1969 0.626646 0.779304
0.109005 1.53474 50.9393 0.630144 0.776478
0.11164 1.53586 49.9173 0.643892 0.765116
0.114848 1.53963 48.8035 0.658643 0.752455
0.116724 1.54207 48.2369 0.666053 0.745905
0.119671 1.54639 47.466 0.676028 0.736876
0.123703 1.55054 46.5036 0.688309 0.725418
0.128628 1.55444 45.4168 0.701944 0.712232
0.132671 1.56001 44.6618 0.711268 0.702921
0.138383 1.57069 44.0423 0.718827 0.695189
0.145622 1.57518 42.6623 0.735361 0.677675
0.153228 1.58542 42.0067 0.743066 0.669218
0.15997 1.59385 41.1412 0.753091 0.657916
0.165123 1.60341 41.0163 0.754523 0.656274
0.173656 1.61071 39.9316 0.766811 0.641873
0.181905 1.61992 39.1095 0.775942 0.630804
0.189569 1.63009 38.6815 0.780632 0.624991
0.198563 1.64002 37.938 0.788677 0.614808
0.208472 1.64947 37.0871 0.79772 0.603028
0.218352 1.66086 36.388 0.805018 0.593251
0.228808 1.67119 35.7139 0.811942 0.583739
0.239996 1.68237 34.9809 0.819344 0.573303
0.249884 1.69519 34.8495 0.820656 0.571423
0.263425 1.70621 33.762 0.831353 0.555745
0.274771 1.71692 33.5625 0.833283 0.552846
0.287258 1.7318 33.3144 0.835669 0.549233
0.308893 1.74753 32.2191 0.846016 0.533158
0.321636 1.76263 32.4236 0.844107 0.536175
0.33842 1.77211 31.3145 0.854327 0.519736
0.352596 1.78786 31.5477 0.852205 0.523208
0.377314 1.80014 32.3578 0.844722 0.535205
0.392171 1.81331 32.8491 0.840102 0.542429
0.407882 1.82515 32.7332 0.841198 0.540728
0.423846 1.83694 32.4022 0.844308 0.535859
0.437193 1.84928 33.125 0.83748 0.546467
0.450996 1.85959 33.2646 0.836146 0.548506
0.465878 1.87027 32.7703 0.840847 0.541272
0.480168 1.8807 32.4088 0.844246 0.535956
0.500597 1.89707 32.509 0.843307 0.537431
0.512865 1.90819 33.4238 0.834619 0.550828
0.614456 1.95492 330.309 0.868706 -0.495329
0.627319 1.96325 335.117 0.90717 -0.420765
0.657865 1.97675 343.599 0.959309 -0.282358
0.832771 2.08123 308.142 0.617619 -0.786477
0.757306 2.00374 302.132 0.531873 -0.846824
0.750097 1.99592 302.216 0.533112 -0.846045
0.740975 1.98972 303.126 0.546475 -0.837476
0.733353 1.9819 303.458 0.55133 -0.834287
0.726194 1.97667 304.064 0.560117 -0.828413
0.721263 1.9679 303.425 0.550843 -0.834609
0.712987 1.96509 304.911 0.572302 -0.820043
0.705923 1.96107 305.807 0.585056 -0.810993
0.695301 1.95528 307.459 0.608197 -0.793786
0.686191 1.95381 309.643 0.638006 -0.770031
0.681608 1.95267 310.297 0.646745 -0.762707
0.67703 1.94786 310.721 0.652374 -0.757897
0.674913 1.94605 310.684 0.651892 -0.758312
0.670664 1.94338 311.352 0.660681 -0.750667
0.67282 1.9409 310.03 0.643183 -0.765712
0.670238 1.9404 310.639 0.65129 -0.758829
0.669695 1.93775 310.407 0.648218 -0.761455
0.669218 1.937 310.503 0.649485 -0.760375
0.668982 1.9386 310.853 0.654119 -0.756392
0.667907 1.94053 311.546 0.66322 -0.748425
0.669906 1.9379 310.791 0.653307 -0.757093
0.671252 1.93948 310.656 0.651519 -0.758632
0.670351 1.93726 310.882 0.654507 -0.756056
0.673927 1.93909 309.967 0.642341 -0.766419
0.672709 1.93901 310.319 0.647046 -0.762451
0.671224 1.94082 310.796 0.653367 -0.757041
0.670019 1.93967 310.826 0.653758 -0.756704
0.668272 1.93675 310.739 0.652611 -0.757693
0.667037 1.93558 310.575 0.650448 -0.759551
0.66206 1.93386 311.533 0.663047 -0.748578
0.662536 1.93171 310.532 0.64987 -0.760045
0.658932 1.92755 310.538 0.64995 -0.759977
0.654011 1.92452 311.079 0.657101 -0.753803
0.651174 1.91826 310.419 0.64837 -0.761326
0.642837 1.91311 311.092 0.657268 -0.753657
0.63958 1.90595 310.301 0.646808 -0.762653
0.635033 1.89947 309.904 0.641506 -0.767118
0.627065 1.89435 310.816 0.653634 -0.756811
0.620711 1.88354 309.613 0.637597 -0.77037
0.606286 1.87118 310.214 0.645639 -0.763643
0.598805 1.86482 310.541 0.649996 -0.759938
0.591474 1.85759 310.665 0.651636 -0.758532
0.581427 1.84693 310.499 0.64943 -0.760421
0.572376 1.84082 311.261 0.659484 -0.751718
0.566745 1.83232 310.584 0.650561 -0.759454
0.558389 1.8251 311.019 0.65631 -0.754491
0.550759 1.82031 311.416 0.661515 -0.749932
0.540859 1.80753 310.898 0.654716 -0.755875
0.532277 1.80185 311.597 0.663889 -0.747831
0.526584 1.79525 311.13 0.657768 -0.75322
0.518055 1.78713 311.62 0.664193 -0.747561
0.508052 1.77874 311.821 0.666808 -0.74523
0.503772 1.77234 311.284 0.659793 -0.751447
0.498584 1.76589 311.188 0.658534 -0.752551
0.49231 1.7637 311.95 0.668486 -0.743725
0.487858 1.75804 311.929 0.668208 -0.743975
0.483088 1.75126 311.553 0.663312 -0.748343
0.478414 1.74786 312.107 0.670517 -0.741894
0.474118 1.74629 312.839 0.679936 -0.733271
0.472465 1.74262 312.523 0.675882 -0.73701
0.47088 1.73917 312.24 0.672235 -0.740338
0.468646 1.73828 312.891 0.68061 -0.732646
0.467409 1.73449 313.213 0.684717 -0.728809
0.469248 1.73323 312.949 0.681352 -0.731956
0.466594 1.72988 315.356 0.711482 -0.702704
0.470346 1.72659 315.52 0.713493 -0.700662
0.467769 1.72421 318.481 0.748734 -0.66287
0.468084 1.72175 320.774 0.774659 -0.632379
0.468747 1.71788 323.216 0.800894 -0.598806
0.473056 1.71436 326.43 0.833209 -0.552959
0.473084 1.71243 329.675 0.863172 -0.50491
